3117
878
5509
8212
7927
1413
3529
4365
3130
5210
6166
2785
581
7662
3099
4613
5335
5412
2066
2470
299
4247
1418
1648
421
1437
2963
8122
358
2490
1654
514
1752
1218
5132
7961
7699
681
332
1593
1186
8219
5891
7809
4875
1963
2400
6901
5925
5693
2202
1842
2777
6720
2625
2794
7890
6576
3892
7144
2076
6148
3937
7214
5790
6511
4179
4256
3473
2499
2685
4289
627
4384
6803
6251
3050
4551
5459
5026
7946
7620
1191
5327
1903
7553
2643
6437
3014
8083
5463
6955
3537
1239
6832
8044
5683
1563
1657
1600
2814
7478
1518
5963
2247
1485
1864
7683
1476
4011
2073
6306
4735
3265
857
5848
3946
5392
7707
7073
7632
5055
8168
864
8294
1793
5743
4940
1726
2397
271
7855
4953
3903
6496
8121
8073
893
422
4820
5737
6589
5732
6498
2350
6481
2333
4510
322
7414
183
8192
2205
1330
6930
6980
1412
1780
6599
4402
1633
2004
6566
7763
4463
2329
5947
8178
3114
2955
5288
2973
4999
7879
6554
7871
2165
1802
817
4962
849
1969
2966
6594
6505
7450
6262
5637
7803
4528
3351
3680
7497
2339
8293
7115
7694
765
2604
5100
1425
7381
6296
700
1956
7795
1953
3371
8287
3807
3307
3464
5415
3030
431
7119
7651
7510
6897
8291
3847
7373
2137
8163
1573
252
300
3489
7839
1514
6850
942
1484
4424
6873
5144
4713
2151
3136
1718
4578
6715
881
1513
2828
5844
5130
4942
7587
3253
631
5780
6979
2877
1649
2922
3926
1983
5835
1453
3408
1026
5148
2805
2754
7059
3251
4299
5305
5545
7108
8295
7101
1595
3516
298
4811
5449
609
435
1788
2211
5863
5239
1250
1580
656
524
6663
1679
2157
214
839
4797
2273
5640
995
1007
2809
3650
8297
1787
6328
8276
1987
4719
7143
1323
2106
5092
517
955
7561
5886
628
675
622
390
6464
1053
5204
1893
3887
8290
989
5465
6528
7646
1396
1774
5506
8198
3580
8277
2977
3193
5828
5083
3970
2801
2579
6600
4453
4349
945
396
7757
7040
1556
8237
958
6400
2979
6948
61
7979
5044
7992
7908
5064
6699
379
3755
5568
370
6553
7921
2341
8224
6337
373
6098
4043
756
1791
1307
8283
8037
6388
2763
8292
866
8284
6441
6124
4021
4117
2253
1123
3376
7529
5208
428
7624
1768
378
377
5994
6632
3155
4373
5559
2479
8209
8128
8174
1880
7042
972
1220
1490
2055
8141
5073
6700
2843
1798
402
589
286
991
739
1618
5973
4417
7442
7788
3243
2825
4808
1973
6409
1140
7201
2946
8002
7669
5375
8246
7323
1970
5245
7422
829
3164
1411
611
2385
6860
6417
2781
391
1652
2580
3670
538
3967
1014
7778
6105
2185
6739
4480
1131
1152
2669
7567
7996
2079
6840
806
433
2112
6432
6255
4181
5850
2670
7813
1861
5592
7185
741
746
1464
5058
8124
2345
1030
4323
6161
6407
977
6246
7965
936
8249
7819
5364
4728
930
1629
1222
1531
7168
7512
5631
7074
743
7094
3681
1672
6529
5426
7257
6571
2501
1277
670
2420
1597
4777
1669
5539
7912
394
6725
7899
3245
966
750
2821
1402
6628
3548
5837
4466
1321
1389
566
8282
274
167
2060
607
6261
3592
5393
4088
389
6302
219
5977
2101
6806
1920
868
3506
6532
779
8169
7186
979
2720
6472
2844
6890
3068
5638
6788
419
6164
793
8285
2575
5860
1372
3324
5115
6567
1884
4058
246
5756
250
7033
506
2629
4413
4529
5308
5133
6723
617
4776
3797
6668
5679
2426
5643
1557
5757
5830
7162
2348
2354
4173
4778
7658
3776
3769
2650
5417
694
6982
3319
4822
2362
3701
4049
2007
3486
5045
778
6892
2956
6933
4646
4235
3616
565
7652
8025
7765
8130
7688
5253
4541
2902
7423
7973
1092
5326
6777
5303
7799
3816
7982
4987
1486
8076
4237
4815
6235
6661
4876
8149
2926
2571
7149
2797
5513
5406
2386
8289
7857
5664
7297
6096
3105
4359
934
929
6691
6269
6083
2305
2244
1819
5350
5414
6078
7495
3713
1950
7557
5368
7436
477
7498
6226
5033
5260
5991
8028
3849
3082
4168
7306
6686
515
8226
7952
7304
5231
6707
2484
5311
6769
7574
392
6942
3237
7060
6111
4648
3609
6021
1478
7491
4946
3547
619
6721
6101
3745
7604
4552
6606
6041
4047
4831
7668
5309
5663
4605
1532
2121
5767
7316
5514
4031
359
8079
7397
6997
4014
7735
7994
3808
3138
8288
4620
8235
8286
6805
4264
6590
714
4311
2589
8019
4677
1300
4188
6267
7673
