2565 827
11 733
766 709
457 640
1549 522
2688 516
1151 460
5524 402
1374 385
1608 344
173 332
1166 318
4967 317
311 312
3449 306
3642 291
2485 286
1133 282
996 279
2972 271
24 270
813 261
1098 260
6 258
988 257
2237 254
3456 250
2326 249
5802 248
4045 244
3453 241
5079 240
1542 237
5189 237
310 236
3787 233
993 233
2967 232
2658 231
36 231
1305 227
4310 225
5531 224
312 223
1210 221
5697 219
826 218
2651 216
306 215
3447 214
5179 212
5188 211
789 209
3032 205
2328 205
784 205
4632 202
3641 194
4948 194
319 193
122 193
1395 192
1496 190
68 187
3614 187
4441 186
1319 185
1972 184
6907 183
5800 182
3381 177
5796 173
5022 173
600 171
109 166
2713 166
2871 165
3352 165
87 164
8 162
4899 160
1492 159
1428 159
1062 157
432 155
20 153
3026 151
2297 150
2660 148
922 147
6305 147
2790 145
308 144
2135 143
825 139
1055 139
4036 139
2576 138
4483 137
6596 137
769 137
29 136
3586 135
2145 134
2369 134
7047 133
663 133
2693 132
1006 130
3568 128
5543 128
1922 126
1279 126
317 126
2256 125
3666 125
722 124
3454 124
2133 122
6624 122
5173 121
3394 121
2072 121
737 120
5185 120
2686 120
172 120
6615 119
5103 118
1352 118
3010 118
2062 118
556 117
371 117
5002 116
1470 115
1487 115
1350 114
7052 114
2118 114
2700 113
1919 113
47 113
3615 113
72 113
1135 112
7086 111
28 110
707 110
1615 109
879 108
1594 108
3796 107
546 107
2240 106
5814 106
634 106
4828 105
14 105
5582 105
4065 104
1521 104
1137 104
1808 103
2653 102
2474 101
407 101
86 101
4219 101
4099 101
2707 100
5176 100
7057 100
3028 99
1236 98
1701 98
1717 98
3457 97
3498 96
2411 96
143 95
2290 95
7055 95
1772 95
59 94
2667 93
1097 93
2842 93
2371 93
6714 92
5177 92
1200 92
6620 91
4712 91
3452 91
2940 91
2258 90
4073 90
1820 90
2859 90
1522 90
2560 89
27 89
42 88
4824 88
710 88
1997 88
3402 88
255 87
26 87
7231 87
695 87
650 85
742 85
697 85
946 85
5110 84
1357 84
215 84
3479 83
2473 83
2674 83
127 83
704 82
1756 82
2504 82
805 82
5822 81
4550 81
5998 80
4653 80
1585 80
6272 80
1814 79
3854 79
6618 79
4151 79
339 79
3965 79
1167 78
1583 78
166 77
2557 77
6619 77
21 77
2472 76
280 76
1621 76
1074 75
6993 75
1221 75
7092 75
1538 75
2236 75
1767 75
941 74
5263 74
2542 73
3404 73
3459 73
6359 72
3786 72
3813 72
1537 72
3728 71
7280 71
4040 71
1614 71
9 71
6327 71
10 70
315 70
6032 70
3691 70
6494 70
1473 70
6299 70
3631 70
3258 69
3439 69
138 69
2510 69
3724 69
1247 69
3168 69
4353 69
74 69
4673 68
71 68
1202 68
113 68
3660 67
1555 67
3144 66
1991 66
1211 66
4795 66
2747 65
2384 65
5811 65
2299 65
35 64
6241 64
2507 64
1769 64
5184 64
2547 64
304 64
136 64
2699 63
90 63
1749 63
25 63
2549 63
4077 63
5773 63
3541 62
5857 62
749 62
3458 61
1267 61
290 61
2696 61
5123 60
3274 60
3276 60
2964 59
1380 59
3455 59
182 59
4688 59
110 59
904 59
1075 59
4138 59
46 58
1204 58
3969 58
1783 58
1127 58
2605 58
7080 58
4536 58
2365 58
4717 57
1985 57
4829 57
6486 57
686 57
1184 57
795 57
6270 57
2356 57
3634 57
2186 57
5190 56
171 56
2988 56
1386 56
4070 56
2398 56
2120 56
854 56
2654 56
3291 56
6460 56
706 56
103 55
3191 55
1835 55
3350 55
759 55
1286 55
80 55
3956 55
978 54
180 54
6510 54
2559 54
6563 54
2323 54
3463 54
12 54
1838 54
4041 54
2872 54
154 53
3995 53
971 53
1129 53
5053 53
3522 53
4044 53
55 53
3092 52
6914 52
2093 52
178 52
4764 52
635 52
3084 52
2387 52
5819 52
788 52
4076 52
4964 51
1278 51
1381 51
2909 51
1483 51
2264 51
6934 51
6443 51
128 51
5871 51
986 50
1552 50
1896 50
5816 50
5140 50
2932 50
1037 50
147 50
2618 50
7744 49
3519 49
5691 49
2564 49
3624 49
5696 49
6772 49
3451 49
4981 49
6323 49
2174 49
425 49
6906 49
3461 49
1051 48
2958 48
3020 48
23 48
1700 48
5655 48
335 48
5102 48
1297 48
633 48
871 47
2623 47
3024 47
6218 47
3390 47
275 47
4276 47
7391 47
5180 47
2257 47
1691 47
1734 47
6006 47
3527 47
2585 46
2379 46
1847 46
1644 46
2009 46
5020 45
5806 45
2851 45
1823 45
865 45
1471 45
6072 45
4792 45
2065 45
3477 45
763 45
2774 45
4813 45
2697 45
151 44
1980 44
643 44
4662 44
2619 44
231 44
1480 44
1705 44
3794 44
1885 43
3976 43
2440 43
1009 43
6560 42
4127 42
2003 42
1132 42
2594 42
1799 42
1111 42
2129 42
15 42
2703 42
259 42
3031 42
7733 42
3055 42
762 42
44 42
3478 42
2595 42
1697 42
5714 42
5301 42
1566 42
994 42
5812 42
66 41
3142 41
313 41
157 41
5166 41
334 41
4547 41
3601 41
4974 41
1795 41
1424 41
4221 41
1489 41
6784 41
1259 41
1215 40
4046 40
5028 40
4686 40
7378 40
5818 40
1024 40
5171 40
4355 40
2704 40
1733 40
1114 40
956 40
236 39
3571 39
5775 39
3192 39
3297 39
5915 39
2831 39
1335 39
176 39
2702 39
4211 39
2691 39
39 39
1622 39
5445 39
708 39
5439 39
6043 38
1042 38
3562 38
1796 38
3009 38
3034 38
3033 38
2249 38
5612 38
19 38
3658 38
2230 38
4144 38
2381 37
2497 37
1748 37
5739 37
17 37
7614 37
7294 37
4574 37
1811 37
2968 37
2677 37
870 37
1762 37
2001 37
395 37
3378 37
6976 37
2775 36
2225 36
1623 36
7045 36
5553 36
2981 36
1661 36
5839 36
1639 36
376 36
3462 36
3057 36
3345 36
3375 36
2516 36
2744 36
5423 36
2476 35
6941 35
4488 35
5262 35
2727 35
2657 35
6360 35
237 35
5932 35
3643 35
844 35
58 35
1032 34
3059 34
3175 34
4598 34
4152 34
2689 34
2233 34
5254 34
1506 34
3645 34
4894 34
838 34
1034 34
1000 34
5427 34
6913 34
3056 34
1291 34
2274 33
1525 33
3073 33
6555 33
1241 33
937 33
4347 33
1813 33
3635 33
2923 33
4437 33
1977 33
1050 33
4074 33
4725 33
3380 33
3252 33
406 33
4756 32
5934 32
1667 32
4297 32
187 32
4448 32
982 32
6243 32
2375 32
139 32
2169 32
1201 32
3812 32
3209 32
3659 32
282 32
6736 31
626 31
2272 31
1377 31
6523 31
3366 31
3000 31
5630 31
2102 31
4718 31
5529 31
4943 31
3417 31
3027 31
2114 31
1230 31
1596 31
2255 31
3304 31
2456 31
3806 31
1967 31
1041 31
6280 31
4564 30
41 30
4142 30
856 30
974 30
2765 30
3630 30
2655 30
6518 30
2646 30
265 30
7774 30
6068 30
7564 30
340 30
4212 30
1462 30
3062 30
3015 30
2935 30
5817 30
291 30
6916 30
5181 29
1730 29
5196 29
5824 29
5246 29
2612 29
2822 29
6900 29
2452 29
1707 29
730 29
2768 29
1063 29
2435 29
791 29
3290 29
647 29
5787 29
3006 29
4859 29
1419 29
582 29
7056 29
1990 29
580 28
5187 28
2085 28
4781 28
336 28
1390 28
3661 28
2900 28
4222 28
79 28
943 28
2546 28
1142 28
2740 28
4335 28
2506 28
6217 28
639 28
7901 28
1888 28
125 28
6552 27
7900 27
4136 27
1547 27
1962 27
689 27
3450 27
2541 27
615 27
2832 27
4982 27
161 27
1564 27
4124 27
7049 27
3005 27
4001 27
842 27
346 27
2109 27
2410 27
2593 26
948 26
2298 26
7727 26
6951 26
3748 26
2620 26
269 26
6221 26
1500 26
1482 26
836 26
78 26
1982 26
5810 26
426 26
7598 26
3392 26
637 26
3835 26
3985 26
1293 26
3949 26
2231 26
3633 26
3593 26
4063 26
203 26
1837 26
1951 26
2912 26
872 26
111 26
1875 26
896 25
140 25
3916 25
1592 25
7490 25
2690 25
852 25
4587 25
998 25
816 25
4966 25
1185 25
53 25
1794 25
3098 25
3095 25
545 25
5872 25
6946 25
6665 25
2209 25
7225 24
5106 24
691 24
1466 24
5862 24
3814 24
3607 24
2172 24
1169 24
1688 24
1160 24
3072 24
1285 24
1207 24
3088 24
1385 24
6097 24
911 24
4846 24
4709 24
2535 24
75 24
1353 24
5437 24
7578 24
6918 23
1571 23
3180 23
1891 23
5295 23
3 23
1164 23
2948 23
2251 23
77 23
588 23
5487 23
705 23
1193 23
5606 23
5008 23
644 23
6649 23
6774 23
4666 23
3521 23
7131 23
4123 23
6020 23
2226 23
4261 23
3917 23
1441 23
2416 22
5804 22
2617 22
7865 22
126 22
3238 22
1925 22
841 22
150 22
4988 22
1125 22
5342 22
899 22
321 22
5316 22
1248 22
2376 22
1463 22
764 22
3622 22
6458 22
2502 22
132 21
4072 21
5591 21
7239 21
412 21
7132 21
715 21
5446 21
2276 21
4042 21
947 21
7054 21
3470 21
5029 21
37 21
7679 21
89 21
6522 21
2099 21
263 21
3469 21
1253 21
2838 20
201 20
6902 20
5175 20
5457 20
2332 20
5809 20
2746 20
1868 20
6156 20
7449 20
1029 20
1800 20
2488 20
5624 20
1043 20
7350 20
4056 20
56 20
33 20
4879 20
3256 20
5285 20
1235 20
1203 20
3682 20
2719 20
3227 20
1384 20
4976 20
1803 20
1550 20
3973 20
2760 20
7 20
4687 19
4661 19
553 19
193 19
1501 19
7046 19
5199 19
4273 19
7769 19
5820 19
4315 19
232 19
348 19
935 19
5692 19
3611 19
3792 19
5454 19
1468 19
104 19
4748 19
810 19
1766 19
8036 19
6488 19
3196 19
5233 19
3110 19
5382 19
727 19
1306 19
383 19
3379 19
7053 19
6229 18
2983 18
1356 18
3310 18
5452 18
5172 18
7691 18
5037 18
7241 18
152 18
2117 18
3148 18
6377 18
1497 18
5484 18
3018 18
7301 18
403 18
667 18
2692 18
7902 18
1918 18
1284 18
5821 18
5119 18
7233 18
3830 18
6123 18
2883 18
7390 18
2925 18
1754 18
712 18
6991 18
6483 18
3798 18
2144 17
2069 17
645 17
1003 17
5 17
2156 17
3145 17
223 17
1124 17
6320 17
960 17
5217 17
4994 17
48 17
2792 17
2368 17
7405 17
2229 17
1367 17
94 17
3982 17
5684 17
4433 17
3460 17
8047 17
7279 17
1966 17
1442 17
405 17
3567 17
8053 17
2613 17
2694 17
3348 16
5155 16
3125 16
3483 16
1510 16
6608 16
4534 16
6766 16
5999 16
16 16
8085 16
2904 16
177 16
5807 16
1732 16
3321 16
7236 16
981 16
2647 16
155 16
2550 16
1757 16
5006 16
7675 16
1031 16
356 16
1836 16
6945 16
1915 16
4814 16
2778 16
4455 16
3958 16
1670 16
5532 16
2737 16
3902 16
6023 16
2210 16
861 16
4295 16
3961 16
1992 16
192 16
6865 16
2285 16
2063 16
5125 16
674 16
6075 16
7104 15
3752 15
649 15
145 15
7100 15
4442 15
5783 15
3523 15
5193 15
254 15
5178 15
5472 15
1290 15
6398 15
4415 15
7063 15
646 15
1234 15
2252 15
6421 15
1143 15
2974 15
7818 15
6875 15
6414 15
4162 15
7682 15
7772 15
2322 15
4600 15
4788 15
3785 15
179 15
325 15
4071 15
3301 15
6316 15
5296 15
5059 15
7099 15
3317 15
4082 15
4818 15
7021 15
7400 15
99 15
3912 15
3714 15
1729 15
4557 15
3445 15
2791 15
918 15
1647 15
3041 14
7511 14
3719 14
4682 14
4364 14
3333 14
3910 14
2116 14
5182 14
1064 14
3081 14
6855 14
5608 14
587 14
5799 14
3039 14
2951 14
5827 14
853 14
1931 14
2241 14
8046 14
5009 14
5096 14
1722 14
7386 14
5200 14
270 14
3488 14
5150 14
5952 14
4191 14
5391 14
3815 14
4937 14
3919 14
2608 14
928 13
2289 13
1751 13
6525 13
1022 13
3443 13
1165 13
6151 13
4363 13
3199 13
2578 13
3225 13
5485 13
249 13
1848 13
5321 13
2134 13
3035 13
4938 13
2706 13
659 13
4150 13
7666 13
5644 13
3665 13
266 13
5378 13
1879 13
2596 13
3647 13
226 13
7335 13
2033 13
5404 13
6346 13
6220 13
324 13
7766 13
1420 13
7005 13
1986 13
6479 13
7685 13
1102 13
1378 13
564 13
5823 13
2855 13
1720 13
3172 13
3525 13
2223 13
2052 13
3977 13
3315 13
3678 13
6885 13
5226 13
2508 13
2215 12
6198 12
4726 12
6223 12
6627 12
4980 12
1322 12
2587 12
4428 12
3729 12
5482 12
5584 12
1855 12
1242 12
5479 12
130 12
7808 12
2357 12
2672 12
4774 12
5550 12
7697 12
3326 12
57 12
49 12
1613 12
101 12
50 12
831 12
6502 12
2701 12
1610 12
7188 12
1368 12
798 12
3731 12
5273 12
4843 12
341 12
3127 12
5201 12
3373 12
2016 12
5940 12
5616 12
67 12
3842 12
142 12
5203 12
3591 12
51 12
6595 12
2115 12
2548 12
5324 12
2234 12
6924 12
38 12
3560 12
2819 12
7281 12
3466 12
967 12
3480 12
4447 12
5738 12
5243 11
7352 11
5768 11
4563 11
6611 11
823 11
3481 11
3388 11
3960 11
1789 11
3334 11
7026 11
4485 11
4739 11
961 11
822 11
4489 11
2908 11
2950 11
4338 11
5829 11
1792 11
8107 11
3386 11
2160 11
7775 11
2555 11
6094 11
351 11
6347 11
4509 11
364 11
4633 11
5313 11
499 11
4377 11
2687 11
199 11
2840 11
62 11
2010 11
366 11
6126 11
2014 11
3556 11
3636 11
3639 11
2889 11
6635 11
6447 11
5534 11
3597 11
4266 11
5596 11
3555 11
4767 10
970 10
2364 10
7343 10
7768 10
6016 10
7755 10
8152 10
5658 10
6577 10
3275 10
3047 10
1530 10
7409 10
3603 10
1553 10
2815 10
620 10
6702 10
3948 10
3775 10
6501 10
7443 10
7012 10
6859 10
328 10
920 10
5068 10
1719 10
1816 10
1822 10
1360 10
4111 10
204 10
1035 10
3343 10
2947 10
6790 10
1281 10
7743 10
5605 10
5805 10
7882 10
3046 10
5489 10
1964 10
224 10
1628 10
3393 10
6248 10
5589 10
40 10
3482 10
4298 10
933 10
1605 10
1495 10
3090 10
7150 10
3872 10
1128 10
4140 10
7544 10
3751 10
4681 10
5317 10
7907 10
7393 10
2989 10
959 10
5772 10
6484 10
6174 10
3107 10
1499 10
3877 10
8211 10
5702 10
73 10
221 10
1095 10
7120 10
2953 10
1245 10
4511 9
4669 9
1908 9
5121 9
5478 9
6758 9
8162 9
5160 9
601 9
7043 9
7421 9
4486 9
5015 9
5011 9
5312 9
5961 9
6314 9
2171 9
5360 9
5776 9
4007 9
1382 9
3720 9
869 9
5194 9
3349 9
2599 9
4255 9
5099 9
5207 9
636 9
1965 9
6657 9
205 9
501 9
1044 9
5396 9
4329 9
820 9
4039 9
4189 9
4588 9
1233 9
2913 9
1684 9
3646 9
326 9
3150 9
3770 9
1023 9
3189 9
583 9
5741 9
6994 9
7262 9
6605 9
1046 9
4429 9
1582 9
163 9
1296 9
1439 9
782 9
2544 9
302 9
949 9
3819 9
4647 9
4924 9
4128 9
7471 9
1013 9
465 9
5118 9
5920 9
60 9
6789 9
1228 9
794 9
7227 9
2811 9
3472 9
7238 9
209 9
1086 8
5016 8
241 8
2130 8
1183 8
4432 8
3053 8
4398 8
3159 8
7237 8
345 8
4665 8
400 8
586 8
2071 8
6712 8
1465 8
5927 8
447 8
3762 8
1467 8
417 8
590 8
4468 8
6000 8
469 8
2367 8
18 8
256 8
975 8
950 8
7649 8
2683 8
4316 8
3200 8
3108 8
3512 8
5675 8
3292 8
4324 8
7677 8
5855 8
592 8
3262 8
5761 8
604 8
2611 8
4 8
4214 8
2621 8
1603 8
3293 8
439 8
560 8
6613 8
5143 8
440 8
5139 8
1065 8
5721 8
1336 8
3007 8
2481 8
1004 8
7113 8
3260 8
6146 8
7862 8
2193 8
6548 8
5552 8
4187 8
3433 8
6467 8
1099 8
618 8
6170 8
1150 8
7964 8
4576 8
4342 8
5836 8
4715 8
13 8
3743 8
912 8
3188 8
6271 8
5551 8
1948 8
5419 8
954 8
5089 8
3803 8
2592 8
4960 8
4531 8
4947 8
6626 8
1179 8
5051 8
5399 8
2084 8
133 8
4116 8
3843 7
5617 7
4186 7
3845 7
3208 7
848 7
2976 7
4098 7
3683 7
4192 7
614 7
1984 7
2509 7
1144 7
5455 7
6422 7
882 7
6975 7
1565 7
3655 7
164 7
2159 7
5549 7
2572 7
2833 7
2458 7
3528 7
898 7
3086 7
915 7
228 7
2246 7
5922 7
8012 7
5039 7
6445 7
6538 7
3777 7
168 7
5526 7
4175 7
4524 7
5468 7
2830 7
1316 7
7792 7
3284 7
7153 7
1746 7
5050 7
3723 7
3508 7
771 7
260 7
6711 7
1711 7
4008 7
3557 7
1447 7
3037 7
3087 7
699 7
467 7
1947 7
4973 7
45 7
542 7
7810 7
1365 7
2545 7
860 7
7856 7
1674 7
840 7
6024 7
83 7
7580 7
4037 7
733 7
2987 7
4746 7
1246 7
4422 7
6598 7
5877 7
216 7
5462 7
738 7
3897 7
5708 7
761 7
54 7
7425 7
5859 7
5215 7
1358 7
3496 7
327 7
4710 7
7588 7
7379 7
5276 7
698 7
3709 7
5798 7
921 7
6179 7
6504 7
859 7
5808 6
5981 6
3855 6
8050 6
1320 6
4532 6
2092 6
3754 6
5012 6
7327 6
347 6
6780 6
2427 6
4616 6
7121 6
2444 6
5430 6
1899 6
6526 6
1103 6
1589 6
3526 6
2277 6
1416 6
1504 6
5174 6
6038 6
5013 6
1010 6
4527 6
4068 6
4934 6
5320 6
7171 6
1027 6
2680 6
1394 6
4409 6
6394 6
8173 6
2091 6
3202 6
804 6
2566 6
4137 6
3173 6
2999 6
230 6
6324 6
399 6
5515 6
5474 6
6848 6
2665 6
1937 6
1261 6
3147 6
5935 6
6846 6
7904 6
1741 6
7183 6
664 6
4487 6
2095 6
7586 6
1976 6
1781 6
2366 6
658 6
4530 6
305 6
2609 6
7090 6
1807 6
4757 6
1737 6
454 6
7659 6
1326 6
2991 6
4663 6
908 6
7295 6
5620 6
197 6
3920 6
6895 6
6616 6
3210 6
2799 6
4671 6
427 6
2695 6
398 6
1832 6
2941 6
5834 6
2217 6
7266 6
4970 6
479 6
2254 6
434 6
2875 6
6134 6
909 6
2037 6
914 6
3325 6
424 6
6274 6
4451 6
423 6
3764 6
6692 6
3600 6
5332 6
1857 6
2724 6
7129 6
6524 6
1693 6
3799 6
1687 6
885 6
1038 6
1039 6
261 6
1028 6
1331 6
6886 6
665 6
907 6
4020 6
31 6
4833 6
4482 6
258 6
2793 6
3040 6
3925 6
2286 6
5286 6
135 6
4963 5
8222 5
7873 5
6612 5
6801 5
2523 5
430 5
5945 5
2493 5
4440 5
2860 5
900 5
404 5
2839 5
2338 5
6216 5
98 5
521 5
985 5
2698 5
2752 5
2598 5
6959 5
5153 5
3839 5
7579 5
3766 5
106 5
6676 5
3001 5
1742 5
803 5
1423 5
1935 5
3300 5
2708 5
8051 5
1631 5
1612 5
4626 5
5289 5
3518 5
5873 5
4282 5
1078 5
2282 5
4426 5
4141 5
8060 5
7357 5
7198 5
944 5
1080 5
1833 5
2372 5
5191 5
4416 5
3589 5
7276 5
3313 5
6001 5
7110 5
4224 5
4760 5
4199 5
6658 5
1066 5
2659 5
6545 5
2113 5
5250 5
4312 5
4926 5
796 5
1008 5
2936 5
352 5
2645 5
926 5
6726 5
3802 5
7362 5
7884 5
6770 5
4252 5
1195 5
1744 5
285 5
5600 5
2569 5
6093 5
6325 5
2041 5
3137 5
6804 5
2414 5
292 5
5048 5
2939 5
3863 5
4664 5
7625 5
5604 5
3871 5
584 5
5913 5
7402 5
781 5
6781 5
530 5
7877 5
3002 5
4379 5
4893 5
5198 5
5038 5
7747 5
4401 5
3576 5
3021 5
688 5
1182 5
968 5
3176 5
4326 5
3667 5
273 5
3930 5
4586 5
4119 5
1292 5
1668 5
4915 5
3106 5
2787 5
3922 5
365 5
5969 5
4066 5
3094 5
4535 5
6949 5
6500 5
1457 5
8156 5
1892 5
257 5
5614 5
2903 5
3553 5
7665 5
6461 5
3673 5
1658 5
7229 5
410 5
6004 5
4223 5
6971 5
3535 5
1168 5
4882 5
7676 5
2038 5
5770 5
1354 5
2863 5
247 5
4898 5
3869 5
3354 5
5916 4
1601 4
5255 4
4582 4
3656 4
3536 4
251 4
43 4
1308 4
5709 4
4884 4
1570 4
6047 4
3391 4
1469 4
7597 4
7293 4
5024 4
4430 4
3233 4
7230 4
4733 4
4438 4
7106 4
5142 4
797 4
3109 4
1606 4
4431 4
4013 4
3190 4
1498 4
2788 4
1342 4
4443 4
6263 4
1190 4
4062 4
7812 4
5495 4
307 4
3089 4
3804 4
7019 4
4983 4
6204 4
6570 4
6753 4
5282 4
2342 4
4110 4
1196 4
5753 4
1587 4
554 4
3197 4
1113 4
5928 4
34 4
1554 4
3662 4
2153 4
2614 4
6634 4
1869 4
5788 4
984 4
4148 4
725 4
728 4
488 4
2378 4
5769 4
5966 4
5152 4
4459 4
7270 4
6783 4
7038 4
2294 4
5763 4
1237 4
5707 4
1619 4
6503 4
8069 4
4864 4
1872 4
6889 4
1662 4
3629 4
7903 4
3120 4
5421 4
2517 4
6064 4
6883 4
6867 4
2407 4
2307 4
3346 4
8190 4
2363 4
1680 4
3983 4
3406 4
7833 4
3932 4
2108 4
6491 4
3036 4
5988 4
1604 4
6108 4
1451 4
2306 4
3242 4
1569 4
1765 4
6242 4
5815 4
2518 4
4275 4
3991 4
2061 4
227 4
2511 4
2206 4
1526 4
2119 4
5162 4
7661 4
3637 4
6380 4
2050 4
2995 4
2227 4
4343 4
1778 4
5890 4
6829 4
3542 4
4989 4
445 4
449 4
3610 4
4992 4
837 4
6671 4
6666 4
4229 4
2088 4
4292 4
8092 4
2340 4
801 4
295 4
5061 4
2906 4
3625 4
3692 4
7228 4
1299 4
2978 4
2985 4
2866 4
4751 4
1706 4
6082 4
4371 4
5933 4
3918 4
7791 4
1339 4
296 4
1831 4
7945 4
1716 4
3587 4
3377 4
6133 4
367 4
802 4
7142 4
5666 4
5069 4
4000 4
7376 4
7759 4
5667 4
3077 4
4354 4
1383 4
2343 4
3060 4
4291 4
7741 4
4200 4
1714 4
3809 4
7874 4
5590 4
1524 4
343 4
7424 4
4351 4
964 4
7910 4
850 4
6713 4
5980 4
4319 4
3971 4
6298 4
7415 4
415 4
2287 4
6984 4
7317 4
1646 4
3025 4
7071 4
2524 4
4929 4
1082 4
873 4
4832 4
5400 4
2914 4
276 4
4883 4
6866 4
5017 4
3044 4
2862 4
100 4
673 4
4652 4
4169 4
2111 4
1011 4
719 4
2807 4
1018 3
7088 3
7492 3
3355 3
4164 3
3309 3
1952 3
6646 3
3103 3
4881 3
1443 3
1696 3
7484 3
913 3
494 3
4383 3
244 3
5626 3
5060 3
1282 3
3890 3
4706 3
7226 3
2437 3
5528 3
3725 3
1059 3
1340 3
2469 3
579 3
329 3
1599 3
559 3
7444 3
7253 3
6013 3
2462 3
4840 3
81 3
5499 3
4034 3
4228 3
3468 3
1084 3
222 3
5984 3
5036 3
1886 3
7593 3
5104 3
1638 3
7380 3
5090 3
2918 3
2780 3
5908 3
6312 3
7189 3
188 3
585 3
185 3
5639 3
1993 3
1912 3
5965 3
4269 3
5771 3
6912 3
2067 3
640 3
3249 3
6007 3
5949 3
4120 3
7885 3
5565 3
5797 3
1301 3
4852 3
1147 3
7387 3
2105 3
7441 3
2615 3
4885 3
6383 3
7344 3
1928 3
575 3
363 3
3448 3
6286 3
4750 3
7134 3
30 3
3004 3
2886 3
5896 3
7278 3
4741 3
344 3
238 3
7520 3
7906 3
6456 3
5405 3
3255 3
3465 3
6779 3
5010 3
5868 3
3181 3
2393 3
2197 3
5428 3
456 3
5511 3
4796 3
3316 3
3876 3
1393 3
6212 3
3338 3
999 3
3688 3
1830 3
7569 3
7829 3
1362 3
2802 3
7502 3
1505 3
5111 3
916 3
7929 3
5982 3
1373 3
1401 3
2125 3
7933 3
690 3
5993 3
202 3
495 3
3686 3
293 3
6870 3
963 3
2192 3
4952 3
2176 3
3269 3
5760 3
962 3
7062 3
642 3
320 3
3185 3
3017 3
1821 3
555 3
6213 3
1747 3
5401 3
374 3
5540 3
3544 3
2054 3
549 3
5562 3
4705 3
8041 3
2012 3
2998 3
2198 3
1033 3
2373 3
162 3
1315 3
5432 3
8061 3
4375 3
5381 3
2757 3
208 3
3780 3
2482 3
4993 3
191 3
2309 3
4089 3
4592 3
6317 3
3435 3
429 3
4314 3
1049 3
3119 3
3900 3
7024 3
4798 3
7919 3
3873 3
2567 3
5078 3
2214 3
7061 3
7780 3
5339 3
5151 3
1632 3
2480 3
489 3
772 3
7044 3
7967 3
4317 3
5958 3
4659 3
7020 3
561 3
701 3
1403 3
3583 3
156 3
5070 3
2168 3
1338 3
3767 3
5521 3
2184 3
608 3
7354 3
3374 3
3513 3
5386 3
1664 3
6232 3
3162 3
4933 3
3979 3
4853 3
1995 3
8063 3
5946 3
268 3
6717 3
3384 3
4059 3
1738 3
3340 3
7726 3
5720 3
2451 3
606 3
541 3
3648 3
3554 3
7594 3
4786 3
6719 3
7401 3
534 3
2059 3
194 3
6331 3
4055 3
1859 3
120 3
3367 3
4456 3
5544 3
7321 3
5334 3
4891 3
4714 3
3563 3
5072 3
6015 3
1446 3
5361 3
2224 3
7455 3
5662 3
6550 3
2196 3
5126 3
6415 3
2738 3
3749 3
6239 3
4220 3
6069 3
2242 3
7696 3
6561 3
7695 3
4944 3
2110 3
1375 3
812 3
387 3
8243 3
107 3
2676 3
5950 3
7176 3
1539 3
6045 3
679 3
6607 3
2789 3
2796 3
2626 3
6487 3
811 3
4625 3
2969 3
2346 3
6169 3
6182 3
724 3
692 3
6655 3
732 3
6815 3
736 3
8171 3
6180 3
7570 3
6119 3
3800 3
129 3
5647 3
1943 3
5960 3
1759 3
5195 3
2552 3
6896 3
682 3
4850 3
770 3
957 3
3399 3
6081 3
2412 3
5081 3
1197 3
3123 3
1520 3
4581 3
458 3
574 3
4471 3
1407 3
1068 3
5197 3
3096 3
4604 3
1355 3
6219 3
862 3
6863 3
570 3
2986 3
1134 3
7719 3
2128 3
3726 3
6200 3
625 3
6747 3
3747 3
4618 3
169 3
7050 3
316 3
1085 3
6428 3
2417 3
827 3
877 2
4149 2
6795 2
2200 2
4654 2
3911 2
7790 2
597 2
1690 2
331 2
2330 2
4866 2
3771 2
5722 2
4842 2
3490 2
4078 2
6046 2
3947 2
4782 2
2096 2
2865 2
7845 2
5813 2
591 2
3653 2
4458 2
1188 2
6734 2
158 2
5380 2
1154 2
2029 2
7835 2
1175 2
7860 2
2856 2
7109 2
6771 2
3306 2
7302 2
910 2
7752 2
4856 2
5520 2
4344 2
7608 2
4240 2
4130 2
2928 2
4560 2
1927 2
6729 2
416 2
4366 2
3998 2
2561 2
2439 2
2103 2
3821 2
7329 2
6118 2
3540 2
4434 2
3561 2
3984 2
7271 2
4412 2
5936 2
7128 2
4904 2
7864 2
5284 2
2975 2
7546 2
1346 2
7330 2
342 2
4213 2
6974 2
1170 2
6536 2
6344 2
461 2
1790 2
3851 2
4361 2
3383 2
2586 2
7035 2
1243 2
5516 2
5247 2
7371 2
2852 2
6469 2
4901 2
4133 2
4567 2
6938 2
4771 2
544 2
6614 2
2370 2
6113 2
2965 2
4159 2
6192 2
2880 2
2898 2
2558 2
7493 2
5704 2
5054 2
4147 2
1126 2
6645 2
4126 2
3272 2
4474 2
4789 2
1244 2
4838 2
5248 2
4507 2
2406 2
5656 2
6755 2
2931 2
5398 2
6177 2
4905 2
5366 2
1329 2
3850 2
4333 2
808 2
641 2
6954 2
502 2
7070 2
832 2
1271 2
2817 2
22 2
5610 2
4232 2
4910 2
2293 2
2905 2
4145 2
938 2
1427 2
6864 2
3187 2
6157 2
2449 2
5527 2
5583 2
1675 2
1090 2
6834 2
1318 2
800 2
3271 2
814 2
3124 2
1139 2
3389 2
4331 2
6339 2
3543 2
1979 2
4250 2
7172 2
7351 2
7418 2
5281 2
1758 2
3235 2
1689 2
1141 2
3397 2
2360 2
2049 2
3788 2
5323 2
3569 2
4290 2
1198 2
3862 2
1280 2
121 2
5909 2
5581 2
7806 2
1961 2
1079 2
886 2
3679 2
2269 2
1887 2
7117 2
1535 2
7738 2
6017 2
8005 2
830 2
2413 2
5921 2
4285 2
5705 2
969 2
1560 2
92 2
4320 2
4436 2
1805 2
3827 2
2715 2
3954 2
2577 2
5261 2
7348 2
7753 2
6416 2
4827 2
7284 2
5186 2
3183 2
3539 2
6935 2
6727 2
4630 2
6031 2
240 2
2551 2
4765 2
3594 2
5275 2
5095 2
1502 2
5264 2
6029 2
4855 2
4849 2
5238 2
5938 2
2574 2
8204 2
1311 2
5680 2
851 2
3929 2
2663 2
3545 2
2097 2
6961 2
7452 2
2064 2
181 2
1630 2
5080 2
5579 2
5043 2
4854 2
460 2
4502 2
3239 2
6841 2
3705 2
7916 2
2359 2
5914 2
493 2
4163 2
4500 2
2907 2
235 2
1145 2
624 2
3962 2
5972 2
1138 2
3898 2
5333 2
7277 2
4492 2
7980 2
2783 2
818 2
1981 2
2352 2
5803 2
4805 2
357 2
1945 2
7931 2
3992 2
6490 2
6184 2
5731 2
653 2
462 2
4566 2
5660 2
2994 2
65 2
1359 2
1433 2
2068 2
5747 2
3885 2
8193 2
1829 2
6625 2
895 2
668 2
2141 2
7127 2
1156 2
414 2
7650 2
7139 2
7341 2
2475 2
5939 2
758 2
745 2
6326 2
8270 2
815 2
4233 2
4623 2
6492 2
5884 2
1507 2
4318 2
567 2
4023 2
6165 2
7616 2
4837 2
3598 2
7767 2
1048 2
7180 2
4932 2
4977 2
4135 2
7938 2
3685 2
8045 2
552 2
3924 2
3532 2
7684 2
6334 2
5657 2
6442 2
1093 2
2434 2
8010 2
7756 2
1333 2
5448 2
1199 2
1052 2
5280 2
1503 2
2232 2
1061 2
7173 2
572 2
5390 2
2188 2
2181 2
4009 2
2011 2
7623 2
1626 2
3422 2
8241 2
8189 2
6190 2
5352 2
4190 2
4793 2
883 2
4737 2
1653 2
1709 2
7023 2
3296 2
3305 2
3530 2
539 2
5114 2
1343 2
1083 2
4919 2
3396 2
6114 2
1548 2
1809 2
4906 2
7736 2
4134 2
1874 2
5785 2
7842 2
4825 2
381 2
7837 2
1252 2
6899 2
7029 2
7716 2
2127 2
1782 2
5040 2
2478 2
3999 2
4851 2
2583 2
444 2
3595 2
2390 2
4595 2
2170 2
3761 2
2662 2
2042 2
5563 2
1430 2
2858 2
4496 2
5164 2
7779 2
4575 2
3928 2
165 2
5923 2
5067 2
2178 2
7014 2
666 2
6845 2
4911 2
2163 2
2457 2
2631 2
6062 2
3905 2
1645 2
1159 2
1924 2
8157 2
987 2
4307 2
6759 2
2399 2
4936 2
7647 2
1474 2
5846 2
4565 2
7706 2
6424 2
3945 2
6818 2
7030 2
7181 2
2921 2
4577 2
1914 2
2296 2
2382 2
5504 2
4749 2
3061 2
2324 2
4909 2
6367 2
1827 2
5202 2
1094 2
4446 2
775 2
2455 2
7011 2
1871 2
7701 2
2438 2
6176 2
5267 2
1089 2
2331 2
8263 2
6356 2
1828 2
4104 2
5561 2
1683 2
6546 2
931 2
3075 2
190 2
6208 2
6381 2
1100 2
318 2
3585 2
4975 2
6609 2
5344 2
2630 2
2721 2
5536 2
5154 2
7601 2
5283 2
372 2
76 2
4327 2
1406 2
1310 2
2433 2
6517 2
4024 2
4542 2
1429 2
4465 2
2834 2
4053 2
4006 2
6923 2
1677 2
7717 2
6121 2
5861 2
7948 2
3471 2
1388 2
4435 2
7125 2
2919 2
1341 2
1625 2
6044 2
3955 2
3129 2
787 2
7853 2
3246 2
5003 2
2403 2
6128 2
8054 2
1678 2
1692 2
4205 2
1448 2
1681 2
3063 2
7928 2
3250 2
8048 2
3016 2
5336 2
5116 2
5801 2
5241 2
3870 2
4400 2
4308 2
7036 2
713 2
696 2
3978 2
7843 2
4125 2
7770 2
4844 2
1641 2
7924 2
5558 2
652 2
5899 2
3270 2
3677 2
3674 2
4204 2
4015 2
677 2
32 2
3101 2
4019 2
5098 2
3320 2
2149 2
1173 2
4553 2
1212 2
4369 2
4197 2
5046 2
6459 2
2281 2
6710 2
7771 2
7893 2
283 2
3564 2
7126 2
1262 2
1392 2
3211 2
6911 2
2349 2
2711 2
6489 2
6070 2
7417 2
1012 2
7394 2
7554 2
2142 2
2845 2
2250 2
6333 2
662 2
3132 2
6227 2
1607 2
4027 2
2527 2
3282 2
7282 2
3782 2
513 2
4693 2
726 2
6822 2
3083 2
1214 2
7678 2
7130 2
6520 2
4325 2
350 2
4591 2
7609 2
1867 2
2917 2
5883 2
5885 2
4526 2
5749 2
1444 2
661 2
6767 2
3750 2
3865 2
4257 2
1260 1
509 1
5987 1
3146 1
2867 1
6764 1
1862 1
7705 1
1665 1
1721 1
1060 1
8194 1
7968 1
1620 1
2131 1
8166 1
5512 1
2228 1
1148 1
4972 1
3704 1
1257 1
6141 1
6835 1
2094 1
1694 1
7985 1
2526 1
7954 1
4660 1
7009 1
4079 1
3400 1
7179 1
5269 1
1591 1
2401 1
8071 1
3487 1
6471 1
6304 1
7286 1
3895 1
7501 1
4826 1
6063 1
4470 1
3401 1
595 1
760 1
3409 1
6617 1
4397 1
8102 1
5978 1
3980 1
7922 1
5341 1
4449 1
6782 1
6695 1
6397 1
1328 1
6547 1
8097 1
63 1
1932 1
7403 1
6909 1
4382 1
8106 1
6943 1
6673 1
1426 1
2772 1
3184 1
108 1
940 1
7915 1
2450 1
2952 1
6150 1
2270 1
6521 1
1534 1
1666 1
4753 1
7629 1
876 1
1761 1
1695 1
3339 1
413 1
4922 1
6135 1
6371 1
7000 1
1540 1
7920 1
7158 1
7999 1
528 1
2980 1
1609 1
5370 1
4454 1
5244 1
7048 1
7269 1
1523 1
5347 1
3886 1
3966 1
5594 1
4913 1
4143 1
4596 1
7025 1
6861 1
4242 1
7174 1
7481 1
4639 1
1825 1
1975 1
7112 1
6953 1
6998 1
4834 1
8182 1
5599 1
5219 1
4476 1
2283 1
8086 1
4267 1
1461 1
8251 1
4336 1
4092 1
7184 1
5019 1
519 1
6152 1
6644 1
8260 1
672 1
4611 1
6477 1
8137 1
7243 1
1635 1
529 1
4206 1
684 1
2031 1
6439 1
5418 1
1753 1
2891 1
3011 1
7447 1
3663 1
3070 1
5062 1
3689 1
3651 1
7135 1
6144 1
5422 1
2448 1
5572 1
2876 1
7212 1
5505 1
8167 1
1255 1
4460 1
888 1
5429 1
5750 1
891 1
4697 1
8232 1
1276 1
5371 1
6061 1
5548 1
8062 1
4504 1
4752 1
8087 1
6311 1
5853 1
3118 1
2648 1
6348 1
1045 1
613 1
2292 1
1172 1
6519 1
1509 1
7563 1
6003 1
6990 1
5376 1
8177 1
4131 1
2543 1
6287 1
2512 1
2881 1
2519 1
3244 1
7615 1
1194 1
4761 1
5627 1
4121 1
7332 1
7122 1
5841 1
3203 1
7193 1
5084 1
3231 1
3675 1
6478 1
3436 1
6295 1
1344 1
4439 1
3198 1
6387 1
4612 1
2520 1
7095 1
4464 1
1561 1
2150 1
7347 1
7703 1
408 1
2213 1
7754 1
2146 1
7084 1
4139 1
3314 1
2325 1
5221 1
3229 1
1528 1
2682 1
1516 1
6145 1
6541 1
2884 1
7027 1
3268 1
6057 1
2759 1
5701 1
6999 1
8264 1
7218 1
3582 1
1785 1
3385 1
8272 1
7605 1
8266 1
4304 1
548 1
3836 1
5218 1
7079 1
7831 1
5222 1
7875 1
52 1
1934 1
3834 1
8000 1
5525 1
3240 1
4248 1
4800 1
6431 1
1408 1
3182 1
2498 1
2864 1
3012 1
3438 1
4395 1
1536 1
6876 1
1171 1
3418 1
6905 1
7894 1
2389 1
7959 1
5122 1
7166 1
6651 1
1643 1
8056 1
7407 1
5751 1
2491 1
7535 1
973 1
1870 1
5615 1
6698 1
2766 1
6878 1
1493 1
2610 1
1682 1
2459 1
4105 1
5659 1
1849 1
4352 1
4321 1
2243 1
6643 1
1449 1
1713 1
2503 1
1337 1
4950 1
6575 1
105 1
1410 1
7869 1
6718 1
4957 1
1873 1
4260 1
1704 1
3204 1
3241 1
2933 1
5158 1
1440 1
1405 1
6630 1
932 1
4251 1
7124 1
1454 1
7745 1
5887 1
2057 1
1397 1
6470 1
239 1
5765 1
5031 1
2568 1
4166 1
6423 1
3604 1
4694 1
303 1
2351 1
2447 1
4707 1
7777 1
880 1
7800 1
6828 1
2556 1
242 1
1881 1
7197 1
6787 1
3353 1
233 1
3891 1
5501 1
6446 1
3524 1
3344 1
6877 1
2222 1
3134 1
1096 1
5315 1
6842 1
6884 1
8140 1
5651 1
7993 1
4091 1
8057 1
4743 1
7177 1
7145 1
4667 1
1958 1
5242 1
5784 1
5967 1
7621 1
5876 1
3038 1
6236 1
7503 1
3514 1
5097 1
7305 1
3298 1
1349 1
7950 1
4322 1
3131 1
612 1
3074 1
1187 1
7514 1
5372 1
2336 1
5854 1
6185 1
8070 1
3981 1
4185 1
1455 1
2418 1
2278 1
5755 1
3163 1
7509 1
1806 1
7031 1
4231 1
7861 1
8049 1
8231 1
7138 1
8271 1
5576 1
6048 1
4738 1
523 1
472 1
7789 1
2718 1
3093 1
8105 1
4396 1
6183 1
6313 1
7644 1
2562 1
5438 1
7082 1
1611 1
6800 1
490 1
1723 1
4785 1
6026 1
734 1
1436 1
2005 1
4689 1
362 1
2316 1
3801 1
4025 1
6513 1
175 1
7374 1
5163 1
5678 1
845 1
3765 1
5542 1
301 1
5774 1
2813 1
4305 1
3278 1
5063 1
5930 1
7155 1
1452 1
1996 1
3664 1
5488 1
3359 1
4862 1
7146 1
5071 1
4916 1
7830 1
1933 1
2155 1
3584 1
6810 1
6679 1
2090 1
2505 1
3076 1
5460 1
7610 1
4103 1
4016 1
8253 1
6533 1
4599 1
2020 1
5717 1
6071 1
1515 1
5983 1
3154 1
7098 1
7187 1
2894 1
5035 1
5897 1
5995 1
7854 1
1989 1
1960 1
6453 1
1930 1
8084 1
4986 1
6735 1
6672 1
4651 1
7758 1
3718 1
2826 1
3742 1
5668 1
4241 1
2661 1
5711 1
3342 1
95 1
867 1
1739 1
1685 1
3774 1
2402 1
8195 1
7686 1
2087 1
6092 1
6050 1
4381 1
5456 1
6926 1
4475 1
5343 1
693 1
3864 1
2607 1
7715 1
323 1
3596 1
1258 1
8091 1
1686 1
2767 1
4841 1
1676 1
5510 1
1558 1
917 1
2515 1
4807 1
3358 1
5294 1
7456 1
1216 1
511 1
7453 1
4075 1
4177 1
7914 1
5729 1
4533 1
792 1
1533 1
799 1
5322 1
5117 1
2717 1
3605 1
2899 1
2445 1
2086 1
6633 1
807 1
3687 1
2929 1
4558 1
5646 1
8183 1
2361 1
6039 1
744 1
4096 1
540 1
3405 1
2606 1
2335 1
1409 1
3881 1
5689 1
4202 1
2664 1
1797 1
6366 1
4203 1
3618 1
5523 1
3504 1
397 1
1736 1
2582 1
7013 1
498 1
1890 1
5518 1
3171 1
1755 1
3247 1
6485 1
3823 1
3963 1
7642 1
7178 1
6454 1
5517 1
3311 1
1574 1
6051 1
562 1
6197 1
3151 1
1865 1
4872 1
1883 1
6674 1
6516 1
7002 1
6910 1
3840 1
4695 1
731 1
1911 1
4093 1
3613 1
1226 1
1016 1
1205 1
1192 1
6110 1
7782 1
4870 1
6049 1
6187 1
8133 1
7937 1
8179 1
5989 1
1314 1
1698 1
1902 1
3475 1
7648 1
557 1
6578 1
5578 1
7953 1
4146 1
5519 1
2733 1
2954 1
5937 1
5410 1
4061 1
2487 1
5864 1
3824 1
441 1
2861 1
8042 1
4698 1
7949 1
5537 1
7476 1
5300 1
3952 1
3261 1
1456 1
5416 1
4766 1
4965 1
2268 1
6264 1
6393 1
6175 1
4259 1
1422 1
7222 1
773 1
2888 1
1312 1
5571 1
5395 1
5671 1
6139 1
3715 1
7595 1
6178 1
3499 1
4106 1
578 1
8065 1
843 1
6059 1
6053 1
3158 1
6468 1
5251 1
2017 1
4755 1
4540 1
4026 1
5712 1
7634 1
2027 1
7413 1
527 1
5136 1
3923 1
3302 1
4903 1
5477 1
1897 1
7517 1
8072 1
2280 1
2026 1
4554 1
1856 1
7485 1
1656 1
1743 1
3232 1
2239 1
7531 1
7841 1
8081 1
3467 1
1921 1
1634 1
4889 1
1130 1
7363 1
6330 1
2199 1
2749 1
1155 1
411 1
7972 1
4306 1
4491 1
7887 1
7851 1
4097 1
593 1
723 1
5357 1
7007 1
4095 1
863 1
2082 1
1889 1
4845 1
6193 1
2267 1
6833 1
4742 1
3228 1
4723 1
8103 1
3638 1
3690 1
1213 1
3051 1
5473 1
2671 1
5354 1
8095 1
4727 1
1275 1
7255 1
2083 1
7981 1
4357 1
2597 1
7942 1
437 1
4635 1
2353 1
6535 1
7210 1
520 1
2191 1
3702 1
563 1
4477 1
3654 1
5093 1
2035 1
8074 1
4935 1
5480 1
976 1
6794 1
6392 1
3511 1
5085 1
2442 1
5290 1
6247 1
1325 1
7041 1
2949 1
2603 1
6214 1
7355 1
2723 1
6647 1
2136 1
7660 1
5356 1
4178 1
3935 1
4920 1
5746 1
2944 1
8011 1
4867 1
6960 1
2761 1
6602 1
774 1
6843 1
5000 1
5874 1
5385 1
5490 1
5486 1
7446 1
4461 1
7298 1
2847 1
2013 1
1978 1
2047 1
6132 1
2725 1
7617 1
4925 1
2218 1
2314 1
6120 1
3066 1
2391 1
6583 1
1810 1
4627 1
418 1
5213 1
1671 1
594 1
6537 1
7975 1
6202 1
3013 1
8265 1
4816 1
4675 1
2070 1
2960 1
6819 1
7468 1
7878 1
409 1
3149 1
353 1
7064 1
8180 1
7704 1
8254 1
7300 1
1106 1
2419 1
821 1
8013 1
8199 1
1081 1
6201 1
6281 1
7472 1
1725 1
6654 1
5661 1
7721 1
7018 1
8236 1
5713 1
5077 1
7645 1
1227 1
5052 1
4201 1
124 1
7761 1
3953 1
7889 1
7458 1
7154 1
7545 1
2892 1
4931 1
2848 1
3707 1
4208 1
7664 1
5764 1
7419 1
384 1
2776 1
2023 1
4649 1
6444 1
2308 1
2818 1
5603 1
1923 1
4057 1
2668 1
576 1
1071 1
1735 1
3619 1
245 1
6378 1
1876 1
4467 1
3165 1
4005 1
3416 1
7165 1
4490 1
1345 1
5086 1
4908 1
2194 1
4340 1
2636 1
7285 1
1256 1
5314 1
1481 1
4538 1
8093 1
4249 1
7416 1
7930 1
3640 1
6579 1
1804 1
8104 1
6028 1
2334 1
1988 1
3156 1
1784 1
4194 1
6457 1
6687 1
8064 1
3226 1
654 1
153 1
6451 1
5373 1
5567 1
2405 1
5397 1
6986 1
6580 1
4801 1
2528 1
1115 1
2304 1
5752 1
7866 1
4672 1
4405 1
6497 1
6462 1
3495 1
2513 1
7585 1
7905 1
7211 1
4644 1
1575 1
7235 1
2295 1
1459 1
1040 1
5535 1
1304 1
6035 1
5192 1
3167 1
4817 1
6527 1
6186 1
7461 1
5413 1
6480 1
6869 1
6847 1
2019 1
2477 1
2584 1
6396 1
7003 1
6077 1
1351 1
6391 1
4794 1
4569 1
8196 1
5047 1
5249 1
3425 1
2633 1
7494 1
7383 1
1072 1
6514 1
2104 1
4284 1
5466 1
2879 1
8146 1
5277 1
8181 1
5161 1
5794 1
4180 1
3578 1
6294 1
5291 1
6656 1
4457 1
3299 1
6572 1
2563 1
3711 1
7751 1
1579 1
6601 1
4370 1
2443 1
7518 1
6652 1
6073 1
3550 1
3706 1
4427 1
8262 1
7826 1
1642 1
2716 1
4380 1
2126 1
5992 1
3395 1
1324 1
3712 1
8153 1
5440 1
1660 1
6466 1
5522 1
3779 1
7268 1
4064 1
5091 1
453 1
7287 1
3757 1
847 1
7192 1
7206 1
1519 1
598 1
751 1
3331 1
550 1
4122 1
1225 1
1472 1
4050 1
2179 1
2189 1
7365 1
6582 1
2993 1
3684 1
2849 1
5607 1
7822 1
3279 1
7740 1
6191 1
4165 1
2782 1
5138 1
1219 1
3356 1
5878 1
7252 1
8135 1
6675 1
8027 1
547 1
3848 1
7892 1
3735 1
4971 1
6379 1
1906 1
4819 1
3357 1
3520 1
6014 1
7527 1
5889 1
4912 1
2216 1
3071 1
6350 1
4736 1
5358 1
7483 1
4358 1
388 1
638 1
3323 1
4263 1
2081 1
6812 1
7911 1
1929 1
4167 1
1021 1
2044 1
1432 1
1460 1
4711 1
2961 1
2190 1
536 1
1376 1
767 1
2624 1
6493 1
8100 1
3538 1
7891 1
1398 1
2850 1
8213 1
4900 1
7781 1
225 1
7469 1
2962 1
5299 1
7487 1
7342 1
919 1
4791 1
7028 1
5625 1
5306 1
2924 1
5225 1
4951 1
5141 1
2030 1
4708 1
3153 1
6862 1
1946 1
3322 1
3288 1
7844 1
3620 1
3259 1
3907 1
7114 1
5838 1
8242 1
6732 1
1636 1
6395 1
1105 1
1775 1
7932 1
569 1
6813 1
2882 1
473 1
2167 1
7022 1
2887 1
3398 1
2302 1
1834 1
7637 1
7773 1
1724 1
4699 1
8227 1
6018 1
5866 1
6544 1
2454 1
2288 1
64 1
7004 1
3901 1
2857 1
7956 1
3111 1
6573 1
735 1
4393 1
7459 1
1450 1
1559 1
5730 1
558 1
3437 1
7454 1
4985 1
8203 1
3927 1
1637 1
7470 1
3833 1
4234 1
2649 1
1238 1
4806 1
2496 1
5856 1
1101 1
3753 1
4543 1
7096 1
7016 1
2930 1
1913 1
2161 1
4407 1
3128 1
2616 1
2460 1
7299 1
8120 1
6854 1
4622 1
3888 1
7175 1
7283 1
1905 1
7480 1
3043 1
1334 1
7888 1
7760 1
8216 1
3558 1
4918 1
234 1
4615 1
7336 1
5789 1
5840 1
91 1
4848 1
6009 1
1826 1
5695 1
1882 1
5377 1
4927 1
6534 1
1894 1
6837 1
7537 1
1895 1
1209 1
2741 1
3216 1
4790 1
5475 1
2957 1
6291 1
6273 1
5781 1
5648 1
3781 1
4445 1
3896 1
2784 1
1174 1
6936 1
243 1
5447 1
2301 1
1581 1
3248 1
7223 1
602 1
5491 1
7524 1
5748 1
4274 1
8197 1
990 1
1229 1
8080 1
2581 1
7457 1
5088 1
1264 1
1087 1
6091 1
8187 1
1070 1
6142 1
1517 1
6515 1
1916 1
2148 1
6737 1
4978 1
7392 1
4655 1
7008 1
6915 1
7006 1
3844 1
5674 1
1379 1
5924 1
7802 1
3510 1
7205 1
2638 1
4035 1
3652 1
6802 1
6768 1
573 1
5374 1
2374 1
2143 1
2644 1
2201 1
3267 1
3115 1
4835 1
7349 1
6773 1
8170 1
3029 1
4704 1
6678 1
2138 1
3551 1
3968 1
7219 1
7762 1
7103 1
2573 1
4703 1
5718 1
568 1
284 1
6222 1
6030 1
2529 1
5907 1
5476 1
7523 1
5214 1
1421 1
7750 1
5278 1
6252 1
2077 1
1399 1
3003 1
7565 1
218 1
7111 1
4154 1
4394 1
6701 1
7978 1
5124 1
4914 1
3763 1
7883 1
992 1
4090 1
2675 1
7382 1
4700 1
8094 1
2471 1
3837 1
7017 1
8214 1
6067 1
6410 1
7085 1
5566 1
3602 1
6962 1
1272 1
1458 1
7998 1
729 1
2034 1
892 1
7217 1
8273 1
2000 1
7482 1
7528 1
2321 1
1616 1
5109 1
2748 1
3805 1
4921 1
3936 1
4597 1
3909 1
4360 1
8110 1
1650 1
1001 1
6844 1
2739 1
8261 1
2056 1
768 1
5919 1
7955 1
783 1
6408 1
6240 1
2441 1
7337 1
1941 1
3054 1
7232 1
5183 1
3531 1
3997 1
3883 1
4341 1
4184 1
4038 1
6653 1
7737 1
2212 1
2446 1
1494 1
7260 1
720 1
5710 1
7404 1
3931 1
3657 1
6650 1
2204 1
8205 1
3759 1
5941 1
4847 1
599 1
4773 1
3280 1
4594 1
6908 1
3943 1
2089 1
337 1
4444 1
1926 1
6168 1
6332 1
4787 1
4523 1
4378 1
5367 1
2728 1
1764 1
6927 1
6127 1
7618 1
6112 1
5508 1
8021 1
1146 1
7015 1
6995 1
616 1
6019 1
6375 1
1438 1
4810 1
1578 1
6155 1
6245 1
446 1
6207 1
3889 1
2773 1
6430 1
3126 1
6406 1
1025 1
4334 1
1434 1
4080 1
6638 1
5032 1
905 1
6744 1
6100 1
7265 1
1176 1
2758 1
2183 1
4406 1
4674 1
8161 1
2514 1
4425 1
1917 1
6811 1
2173 1
8202 1
3730 1
6697 1
401 1
5985 1
7525 1
1900 1
1431 1
2895 1
7116 1
2453 1
5483 1
5365 1
7886 1
5337 1
2238 1
443 1
3085 1
2786 1
1617 1
2467 1
3621 1
8035 1
5733 1
7925 1
6160 1
264 1
8248 1
2147 1
2291 1
752 1
3703 1
382 1
5609 1
1302 1
7220 1
6922 1
3746 1
657 1
522 1
8109 1
2021 1
2673 1
5387 1
4132 1
4069 1
571 1
1568 1
2803 1
4640 1
6807 1
1968 1
2203 1
5944 1
1708 1
6066 1
1058 1
7451 1
7267 1
7462 1
6574 1
3152 1
1223 1
5507 1
6355 1
8077 1
4601 1
4868 1
3052 1
3332 1
8215 1
1659 1
7251 1
5703 1
1812 1
753 1
7663 1
897 1
3160 1
2221 1
3019 1
543 1
7868 1
3078 1
7821 1
7164 1
3312 1
1231 1
267 1
8052 1
5833 1
2570 1
7834 1
2300 1
3760 1
2916 1
253 1
8001 1
4198 1
497 1
2053 1
6188 1
6730 1
5087 1
368 1
6880 1
3277 1
3230 1
7783 1
6254 1
4362 1
4603 1
6042 1
6592 1
5159 1
2729 1
3758 1
5220 1
211 1
4067 1
8172 1
5436 1
7234 1
3112 1
4010 1
6728 1
4368 1
5766 1
333 1
4670 1
476 1
4473 1
6440 1
2058 1
2736 1
6648 1
5986 1
4631 1
1120 1
1391 1
5265 1
4337 1
605 1
3113 1
3166 1
1703 1
3727 1
7944 1
2219 1
516 1
1699 1
6022 1
3717 1
4645 1
6116 1
5461 1
6507 1
4617 1
8221 1
8118 1
6253 1
1909 1
7867 1
7037 1
309 1
1002 1
6731 1
492 1
7974 1
7698 1
436 1
1294 1
4803 1
2770 1
6809 1
6056 1
3091 1
3492 1
1590 1
4462 1
2008 1
4174 1
2036 1
786 1
1189 1
1400 1
7939 1
7850 1
6996 1
5997 1
776 1
6052 1
5494 1
6797 1
386 1
1944 1
6225 1
5645 1
3944 1
717 1
4469 1
5328 1
3894 1
1224 1
8255 1
6929 1
6060 1
889 1
2982 1
3959 1
6622 1
1309 1
7203 1
5431 1
3858 1
3829 1
6288 1
8238 1
5580 1
716 1
3744 1
1760 1
7133 1
7089 1
5384 1
3986 1
8256 1
7863 1
5786 1
718 1
2388 1
4836 1
5852 1
1745 1
6765 1
4545 1
5611 1
6921 1
2637 1
1584 1
6963 1
4763 1
2521 1
2404 1
6058 1
3906 1
890 1
651 1
577 1
504 1
3772 1
1907 1
887 1
3042 1
4238 1
780 1
4720 1
1387 1
1303 1
6604 1
6228 1
4508 1
1232 1
983 1
1274 1
2180 1
4051 1
7976 1
6495 1
2319 1
7420 1
3606 1
2337 1
6746 1
855 1
6455 1
2028 1
6775 1
7505 1
7960 1
93 1
7728 1
4624 1
6147 1
7742 1
1551 1
3632 1
7360 1
6603 1
2522 1
2970 1
5633 1
6450 1
1445 1
4153 1
7486 1
2182 1
8134 1
824 1
1047 1
5018 1
102 1
7170 1
1866 1
2635 1
1712 1
4619 1
5650 1
2015 1
6709 1
7240 1
4799 1
8155 1
4979 1
3303 1
4245 1
7389 1
5353 1
5001 1
2032 1
1845 1
6508 1
6793 1
3140 1
349 1
2890 1
6749 1
3817 1
4692 1
6452 1
1901 1
4702 1
1005 1
2893 1
7832 1
4804 1
6033 1
2344 1
2764 1
2380 1
5959 1
6677 1
4969 1
2938 1
1763 1
5595 1
6401 1
1655 1
7326 1
6852 1
2132 1
7353 1
5105 1
338 1
1858 1
7626 1
6958 1
189 1
2018 1
2628 1
3904 1
3341 1
314 1
1157 1
8055 1
2051 1
3676 1
1366 1
2259 1
1317 1
7445 1
7199 1
4638 1
2025 1
4668 1
5990 1
4871 1
1777 1
6584 1
7940 1
6585 1
3186 1
6153 1
4414 1
6265 1
3783 1
6374 1
4107 1
2779 1
8040 1
217 1
819 1
6581 1
4696 1
4313 1
7966 1
6836 1
6143 1
6349 1
6181 1
6074 1
8233 1
1715 1
703 1
4328 1
4740 1
1208 1
3174 1
7513 1
6293 1
7159 1
1273 1
1206 1
2769 1
4839 1
5232 1
5888 1
6474 1
5903 1
7157 1
7814 1
8136 1
2235 1
5902 1
7801 1
3577 1
2722 1
2492 1
3566 1
6821 1
7536 1
6215 1
7522 1
4216 1
4450 1
2846 1
7245 1
6798 1
375 1
3581 1
1254 1
2187 1
2835 1
785 1
1158 1
5623 1
8088 1
6506 1
1541 1
2730 1
7670 1
4296 1
455 1
1404 1
8252 1
1088 1
7923 1
6972 1
6705 1
1295 1
8009 1
632 1
4823 1
2684 1
2461 1
4503 1
1332 1
1588 1
7010 1
7426 1
4917 1
4129 1
2808 1
8119 1
7849 1
3022 1
3133 1
6752 1
1994 1
5500 1
6411 1
6509 1
212 1
4821 1
3565 1
8096 1
2827 1
2945 1
4716 1
438 1
6292 1
4762 1
3273 1
748 1
7156 1
6917 1
5686 1
8099 1
4701 1
3382 1
6266 1
1710 1
1846 1
5690 1
8098 1
1959 1
1651 1
5598 1
5224 1
1844 1
393 1
7941 1
4176 1
3257 1
1602 1
4607 1
6551 1
5875 1
4869 1
2992 1
7001 1
6034 1
3552 1
8023 1
2024 1
4283 1
8101 1
