4037 414
2625 354
1297 297
3352 275
2328 264
2398 256
3089 252
15 249
271 246
1549 234
2565 228
737 225
3456 221
2066 213
762 206
4191 203
4712 199
3537 196
5254 195
3897 190
1186 190
1633 187
5412 181
993 181
2654 180
2516 177
4099 176
5459 175
7620 173
2576 172
6832 165
7632 165
2657 164
4335 163
2653 162
2535 161
2871 159
2485 159
6634 157
2237 155
2470 153
1842 147
3459 147
3238 145
5524 143
3117 143
2775 143
5543 142
5079 140
5800 140
1166 140
3334 138
2145 138
4828 136
3034 136
1919 135
7092 134
299 133
3568 132
4536 132
3005 132
3796 131
4735 130
4310 130
2651 130
7553 129
5002 128
2958 128
8293 128
3084 127
7809 124
2593 124
3291 124
56 123
5022 123
4666 123
2660 123
2594 122
1754 122
1211 121
4124 120
1357 120
6946 119
3443 119
4875 118
5178 117
6665 116
28 115
4400 115
6784 114
2585 114
407 113
4600 112
4247 111
5288 111
204 111
1717 111
3026 110
35 110
3408 110
2225 109
4653 109
3562 108
1956 107
6006 107
2619 107
3253 107
6774 106
857 106
3192 106
86 106
5714 106
3643 105
3634 105
2117 105
6299 104
3024 104
1982 104
3650 104
825 103
2746 103
2323 103
2297 103
2144 102
3615 102
1585 101
1734 100
2381 100
290 100
2693 100
5210 99
6555 99
1026 99
5484 99
4179 98
4011 98
5123 97
3962 97
4448 97
2504 97
8290 97
6560 96
4256 96
1193 96
765 96
4587 96
3812 96
5404 96
5563 95
2120 95
2774 95
2256 95
282 94
3892 94
3843 94
7414 94
1688 93
2508 93
4578 93
3454 92
1492 92
1514 92
7021 92
1453 92
2851 92
2210 91
1966 91
3958 91
4261 91
2727 91
1893 91
2411 90
1473 90
5605 90
3027 89
3265 89
608 89
6123 89
1201 89
6913 88
5743 88
3439 88
7115 88
3321 88
214 88
5335 87
1267 87
3586 87
2251 87
2510 87
3976 87
5814 87
4981 87
5423 86
3645 86
2174 86
2324 86
3480 86
3910 86
3473 85
2240 85
1992 85
6496 85
4338 85
3028 85
2542 85
7908 85
6327 84
3631 84
1622 84
4297 84
3260 84
1416 84
579 83
7961 83
2371 83
6914 83
1428 83
5839 83
3498 83
3059 82
1808 82
1990 82
2276 82
465 82
5449 82
974 82
5806 81
3404 81
3136 81
6715 81
3447 81
1855 81
1799 80
5872 80
2134 80
5886 80
5760 80
5200 80
8174 80
2822 79
2697 79
4964 79
2456 79
2135 79
4717 79
2474 78
1482 78
3680 78
5100 78
2364 78
2794 77
1700 77
5055 77
2114 77
2831 77
3276 77
4041 77
3417 77
6979 77
4483 77
5775 77
1847 77
5818 76
1814 76
4574 76
4055 76
2322 76
600 76
4795 76
1836 76
1385 76
4709 75
3140 75
1723 75
417 75
5262 75
6934 75
2440 75
5947 75
5226 75
3748 75
5130 75
7587 75
4040 74
5739 74
4940 74
4463 74
3125 74
3033 74
5871 74
6414 74
6156 74
4162 73
2963 73
3873 73
1167 73
1049 73
7052 73
4999 73
1888 73
1496 73
6869 73
1319 73
2785 72
1164 72
5596 72
6833 72
4827 72
3903 72
789 72
2658 72
3516 72
2257 72
6523 72
3529 71
5233 71
7890 71
2696 71
2252 71
8192 71
2973 71
5028 71
3002 71
3489 71
8295 71
5092 71
3144 71
3007 71
2667 71
937 71
6124 71
1305 71
1413 70
4266 70
2685 70
4687 70
4983 70
2160 70
3307 70
3452 70
1769 70
1772 70
2856 70
2707 69
6044 69
2209 69
665 69
2643 69
7478 69
1608 69
2790 69
1729 69
439 69
959 69
5844 69
3635 69
3970 69
5188 68
4547 68
2859 68
5204 68
1307 68
2830 68
5799 67
2290 67
5829 67
6306 67
1403 67
6505 67
6618 67
2506 67
6458 67
2264 67
6330 66
5697 66
7301 66
3014 66
8294 66
817 66
5902 66
4071 66
5804 66
5828 66
6337 66
3587 66
3103 66
4384 65
941 65
3800 65
6980 65
5199 65
4263 65
2955 65
4661 65
4531 65
978 65
4361 65
4530 65
2981 65
6790 65
3607 65
6417 65
5822 64
5925 64
6437 64
1239 64
2375 64
3792 64
3351 64
55 64
1031 64
2819 64
5106 64
3130 63
2747 63
7662 63
5301 63
1310 63
3460 63
5430 63
2655 63
6907 63
259 63
1706 63
5321 63
2686 63
960 63
1352 63
633 63
5144 63
4299 63
2128 63
4719 63
1234 63
1279 63
1374 63
72 62
2325 62
5072 62
6481 62
2001 62
1571 62
3251 62
1521 62
6032 62
6098 62
3258 62
856 61
7063 61
4781 61
4485 61
3148 61
3803 61
2940 61
3813 61
2016 61
2909 61
6780 61
4792 61
6600 61
75 61
7279 61
7280 60
2560 60
5693 60
2620 60
5026 60
4846 60
1291 60
1726 60
946 60
2071 60
4796 60
7381 60
3807 60
2595 60
6004 60
2592 60
2646 60
6976 60
3029 60
1648 59
6875 59
3394 59
7699 59
5189 59
5827 59
4929 59
4510 59
3274 59
5182 59
5897 59
4269 59
7510 59
4424 59
549 59
1621 59
2102 59
2433 59
1774 59
3580 59
1378 59
1538 58
3453 58
2400 58
6097 58
6930 58
2932 58
4706 58
5273 58
1157 58
5637 58
2231 58
2193 58
2828 58
697 58
2877 58
3854 58
7649 58
6770 58
2579 58
4043 58
7624 58
3092 58
2674 58
1151 57
2834 57
1253 57
4315 57
4715 57
3284 57
5037 57
1111 57
4065 57
6151 57
4632 57
243 57
1835 57
5073 57
6624 57
4201 56
5445 56
7277 56
5963 56
1035 56
4994 56
7763 56
3030 56
908 56
722 56
5773 56
5780 56
2517 56
1646 56
415 56
1284 56
1816 56
3898 55
332 55
7214 55
2787 55
1918 55
2289 55
4962 55
3752 55
704 55
1744 55
2151 55
2912 55
5545 55
5624 55
1792 55
887 55
2062 54
5891 54
1997 54
4401 54
6955 54
7131 54
7833 54
6227 54
6347 54
4290 54
8042 54
2805 54
6328 54
4534 54
7400 54
763 54
626 54
4021 54
5651 54
1705 54
1464 54
7233 53
1964 53
7862 53
5463 53
5584 53
2811 53
2713 53
8121 53
5684 53
2356 53
2999 53
1384 53
1360 53
2900 53
4044 53
644 53
2968 53
656 53
6442 53
896 53
761 52
5155 52
1593 52
4212 52
4289 52
5432 52
1103 52
7855 52
6918 52
4748 52
3393 52
1484 52
2623 52
1781 52
7108 52
4110 52
5680 52
5020 52
2547 51
1476 51
2544 51
5819 51
3661 51
2760 51
3020 51
4528 51
403 51
4811 51
4798 51
7561 51
4013 51
3021 51
5454 51
6855 51
7757 51
967 51
1498 51
7910 50
2605 50
6148 50
2258 50
3830 50
5848 50
317 50
4953 50
1680 50
5452 50
1661 50
1969 50
3015 50
5222 50
3371 50
1566 50
7651 50
8291 50
3847 50
432 50
1573 50
7237 50
6043 50
2338 50
3009 50
871 50
3660 50
8212 49
4613 49
5671 49
6251 49
2410 49
2073 49
733 49
7795 49
1783 49
1603 49
5928 49
1419 49
2587 49
5998 49
3614 49
1393 49
895 49
6860 49
3956 49
5529 48
3726 48
1248 48
5732 48
5103 48
4824 48
5179 48
5289 48
1322 48
840 48
2754 48
3691 48
5239 48
1286 48
2809 48
1053 48
2700 48
739 48
5096 48
7810 48
2764 48
3106 47
1697 47
6576 47
4551 47
4980 47
2814 47
1185 47
5392 47
8168 47
3293 47
3433 47
5753 47
1534 47
4175 47
2689 47
350 47
4713 47
5061 47
545 47
2612 47
2511 47
7005 47
4432 47
7618 47
7979 47
1972 47
6441 47
1123 47
402 47
922 47
2384 47
4662 47
313 46
5509 46
7927 46
4365 46
1247 46
7144 46
4938 46
1230 46
7443 46
4072 46
7871 46
6296 46
659 46
935 46
2922 46
3926 46
298 46
1908 46
1285 46
311 46
1903 45
2014 45
1330 45
6262 45
1425 45
6272 45
7119 45
3309 45
5922 45
2665 45
1701 45
5812 45
3664 45
4944 45
3338 45
1977 45
1353 45
1811 45
859 45
6305 44
4899 44
3010 44
5798 44
893 44
5737 44
6498 44
6566 44
3114 44
971 44
4814 44
6001 44
155 44
5482 44
1097 44
7101 44
8134 44
5295 44
7143 44
6699 44
756 44
1555 44
2550 44
228 44
5527 44
4808 44
2385 44
7378 44
310 43
5790 43
5683 43
152 43
4422 43
7116 43
7391 43
7012 43
663 43
6599 43
1653 43
6221 43
1525 43
8163 43
1927 43
947 43
171 43
1858 43
1758 43
1018 43
4986 43
2157 43
1407 43
5506 43
8051 43
2597 43
1489 43
370 43
3173 43
5121 43
3885 43
325 43
5378 43
7788 43
5479 43
6901 42
5439 42
730 42
6243 42
1200 42
1165 42
2815 42
321 42
3150 42
2273 42
958 42
4604 42
304 42
7238 41
3458 41
3937 41
5140 41
3479 41
673 41
1487 41
1199 41
4884 41
372 41
7835 41
5863 41
4233 41
1250 41
1787 41
6501 41
989 41
2116 41
2341 41
5776 41
2763 41
5994 41
2923 41
5936 41
334 41
1014 41
769 41
2285 40
8219 40
7924 40
1471 40
2397 40
2662 40
560 40
54 40
6229 40
3464 40
1497 40
6897 40
6783 40
1580 40
813 40
4797 40
308 40
7882 40
710 40
5437 40
7351 40
5083 40
4103 40
1637 40
7860 40
8128 40
7054 40
6246 40
7168 40
80 39
6720 39
4527 39
7707 39
1547 39
1203 39
2241 39
2617 39
1953 39
5802 39
1733 39
2246 39
356 39
3557 39
7646 39
559 39
7695 39
2951 39
1641 39
3969 39
29 39
6432 39
7912 39
1963 38
1190 38
4341 38
4820 38
2329 38
7047 38
3310 38
1658 38
7373 38
6873 38
3787 38
6789 38
4435 38
1679 38
1965 38
4482 38
3755 38
1542 38
4764 38
5932 38
7813 38
1222 38
805 38
7683 37
7073 37
6554 37
2708 37
2599 37
3381 37
7694 37
252 37
1377 37
6595 37
3806 37
5162 37
2765 37
6334 37
425 37
6632 37
8209 37
4417 37
3073 37
3435 37
1859 37
904 37
4488 36
6594 36
1062 36
7839 36
1000 36
1718 36
2972 36
999 36
1987 36
972 36
764 36
1973 36
5626 36
7726 36
6029 36
878 35
1654 35
5466 35
7946 35
1638 35
3724 35
2475 35
5148 35
853 35
2106 35
667 35
5465 35
348 35
3842 35
3455 35
6388 35
643 35
677 35
135 35
749 35
2925 35
6174 35
178 35
36 34
2097 34
2091 34
151 34
7879 34
1802 34
2339 34
6218 34
5933 34
4689 34
1243 34
6528 34
1439 34
1236 34
647 34
1159 34
6552 34
2095 34
3164 34
7778 34
3180 34
1131 34
2669 34
7965 34
2369 33
1261 33
6166 33
6613 33
8083 33
322 33
7225 33
2966 33
1468 33
1848 33
6170 33
3346 33
1022 33
230 33
1628 33
3887 33
696 33
1592 33
1034 33
391 33
1506 33
3871 33
994 33
6000 32
6737 32
6570 32
2507 32
2333 32
6765 32
590 32
1315 32
182 32
2435 32
3720 32
3541 32
1520 32
1849 32
1730 32
1127 32
6736 32
2570 32
1402 32
1218 31
50 31
2076 31
5012 31
8178 31
968 31
863 31
7295 31
1296 31
5835 31
844 31
794 31
8237 31
6400 31
7992 31
5568 31
4138 31
948 31
1565 31
1156 30
1823 30
1714 30
1191 30
7450 30
1501 30
1777 30
5614 30
975 30
719 30
1007 30
4453 30
5811 30
1023 30
1075 30
8037 30
3191 30
1880 30
803 30
6712 30
6739 30
2079 30
907 30
1125 29
636 29
798 29
8044 29
5721 29
587 29
637 29
2326 29
8287 29
1901 29
3018 29
982 29
4373 29
1798 29
7422 29
985 29
3099 28
3 28
7544 28
1752 28
6241 28
1518 28
7389 28
5650 28
7803 28
2085 28
1805 28
1375 28
1394 28
1556 28
1791 28
7529 28
1390 28
377 28
746 28
1746 28
5341 28
1389 28
1418 27
5132 27
6589 27
183 27
2004 27
1043 27
1548 27
4234 27
3297 27
1788 27
1396 27
2801 27
707 27
826 27
6422 27
1707 27
2768 27
5263 27
1490 27
932 27
2181 27
8 27
2345 27
1662 27
447 27
7094 27
1672 27
6503 27
836 27
1437 26
5327 26
2165 26
2137 26
1444 26
227 26
913 26
2211 26
567 26
4349 26
132 26
1587 26
1241 26
7088 26
1618 26
1979 26
346 26
742 26
956 25
861 25
1412 25
2416 25
49 25
2604 25
918 25
2053 25
6714 25
664 25
675 25
1768 25
6270 25
1652 25
4098 25
255 25
8124 25
723 25
7512 25
1991 25
1583 25
750 25
3000 25
5837 25
2490 24
3919 24
1747 24
371 24
5582 24
715 24
1513 24
1649 24
1055 24
1749 24
1595 24
168 24
2918 24
5384 24
396 24
8224 24
1382 24
963 24
706 24
3670 24
936 24
1613 24
274 24
8122 23
1039 23
1780 23
1524 23
5421 23
2332 23
945 23
2479 23
8141 23
3554 23
7341 23
2880 23
1597 23
981 23
681 22
3946 22
8073 22
838 22
1061 22
1420 22
2109 22
2168 22
1080 22
2977 22
1137 22
488 22
30 22
257 22
3967 22
760 22
2721 22
4323 22
977 22
280 22
306 22
1604 22
2119 22
2178 22
1669 22
868 22
5246 21
427 21
1985 21
2350 21
1032 21
431 21
4276 21
609 21
429 21
379 21
23 21
991 21
216 21
2580 21
4977 21
1442 21
236 21
1006 21
5824 21
250 21
943 20
864 20
1550 20
700 20
261 20
881 20
795 20
658 20
686 20
955 20
8198 20
61 20
5323 20
1610 20
226 20
373 20
2253 20
5058 20
232 20
966 20
5511 20
1563 19
6 19
784 19
6945 19
7497 19
1537 19
5215 19
1259 19
150 19
140 19
19 19
1619 19
8002 19
1411 19
285 19
7386 19
6320 19
394 19
339 19
802 18
2202 18
1124 18
1692 18
4402 18
4189 18
1732 18
3348 18
319 18
5640 18
995 18
8297 18
1196 18
5807 18
589 18
7442 18
611 18
39 18
1152 18
2618 18
1629 18
1044 18
3520 18
928 18
219 18
725 18
1864 17
1168 17
1144 17
127 17
2223 17
1465 17
592 17
7040 17
6948 17
8292 17
378 17
405 17
154 17
5457 17
657 17
748 17
564 17
1531 17
691 17
1857 17
4134 17
89 16
3483 16
2777 16
873 16
422 16
7050 16
6850 16
1983 16
5305 16
363 16
628 16
822 16
810 16
224 16
440 16
286 16
6255 16
1446 16
668 16
885 16
820 16
1372 16
4791 16
613 15
627 15
338 15
849 15
1757 15
631 15
7517 15
5487 15
5784 15
1689 15
743 15
566 15
6803 14
4219 14
624 14
38 14
2770 14
517 14
882 14
428 14
3717 14
2946 14
650 14
6596 14
1128 14
4728 14
575 14
5500 14
105 14
584 14
2348 14
34 13
6953 13
1154 13
6094 13
301 13
1221 13
1493 13
163 13
390 13
2307 13
2687 13
1282 13
604 13
771 13
5973 13
674 13
2129 13
806 13
5592 13
6993 13
5817 13
6725 13
2821 13
1920 13
684 13
705 13
2724 13
581 12
1326 12
3804 12
5415 12
3567 12
300 12
2917 12
524 12
1596 12
5064 12
6553 12
6023 12
829 12
3835 12
837 12
433 12
6994 12
341 12
1141 12
258 12
7647 12
897 12
2060 12
3506 12
779 12
1038 12
1564 12
349 11
6323 11
1915 11
4645 11
7059 11
616 11
5559 11
1220 11
6700 11
3243 11
5375 11
5850 11
8249 11
3681 11
1441 11
607 11
362 11
4412 11
421 10
358 10
1793 10
839 10
1837 10
2979 10
1935 10
1160 10
5950 10
538 10
5285 10
7185 10
3145 10
2991 10
617 10
4776 10
1507 10
4355 10
4588 9
717 9
827 9
314 9
175 9
622 9
866 9
3200 9
4480 9
3646 9
4181 9
1861 9
1030 9
406 9
4127 9
4298 9
586 9
4507 9
1865 9
2799 9
823 9
4024 9
4058 9
4051 8
4557 8
2072 8
5176 8
1323 8
6198 8
4117 8
3922 8
1140 8
1100 8
1277 8
4777 8
5539 8
5738 8
1321 8
4088 8
979 8
2575 8
2281 8
6759 8
3463 8
2499 7
1600 7
1485 7
3056 7
2182 7
7921 7
2843 7
1114 7
2781 7
2185 7
273 7
2366 7
7074 7
4199 7
1984 7
8282 7
6424 7
6567 7
2838 7
6924 7
2294 7
514 6
1657 6
2247 6
4220 6
3235 6
8283 6
1024 6
682 6
2055 6
5245 6
6161 6
6407 6
3548 6
3809 6
6164 6
793 6
5860 6
1678 6
4646 6
3770 6
929 6
942 5
3576 5
5639 5
435 5
6663 5
8284 5
7874 5
3320 5
7120 5
2993 5
930 5
4468 5
1432 5
5638 5
6474 5
3126 5
3324 5
246 5
506 5
5308 5
2007 5
2926 5
3538 5
392 5
4500 4
3050 4
2205 4
1569 4
4942 4
4471 4
7393 4
3155 4
741 4
5772 4
670 4
6628 4
4466 4
324 4
389 4
6059 4
2914 4
791 4
2101 4
7186 4
7791 4
6788 4
2426 4
3769 4
1833 4
5620 4
2206 4
2902 4
2571 4
744 4
6809 4
6511 3
94 3
2825 3
2974 3
7201 3
302 3
6840 3
2670 3
797 3
7740 3
6571 3
5630 3
5977 3
4625 3
8169 3
6938 3
2720 3
1716 3
6890 3
3068 3
419 3
1687 3
5756 3
4529 3
938 3
5969 3
5643 3
108 3
2650 3
601 3
6982 3
3319 3
554 3
6892 3
6933 3
8263 3
1092 3
5326 3
7701 3
2386 3
7362 3
7436 3
477 3
7306 3
3609 3
2234 2
8276 2
8277 2
3193 2
2607 2
2928 2
5044 2
3376 2
7042 2
6409 2
7588 2
4441 2
7323 2
1074 2
6105 2
4231 2
4639 2
5631 2
5426 2
7257 2
2501 2
7666 2
4351 2
2420 2
167 2
5393 2
5499 2
6755 2
7146 2
2340 2
3911 2
5655 2
6472 2
8285 2
5115 2
4879 2
5705 2
4992 2
4966 2
6047 2
7162 2
2354 2
2092 2
4173 2
4993 2
32 2
3776 2
4654 2
5417 2
4822 2
3486 2
5045 2
778 2
4235 2
7652 2
8025 2
7449 2
4068 2
7688 2
1664 2
6491 2
7423 2
6777 2
3816 2
5801 2
4987 2
2277 2
6661 2
4876 2
5513 2
5406 2
8289 2
192 2
6096 2
934 2
3772 2
291 2
3713 2
7557 2
5368 2
7023 2
5980 2
3973 2
4786 2
7304 2
5231 2
6707 2
3980 2
2818 2
3888 2
5311 2
6769 2
2736 2
6942 2
4331 2
4648 2
3313 2
6021 2
1478 2
3547 2
153 2
2589 2
4677 2
7520 1
3912 1
7675 1
6464 1
5208 1
7669 1
8246 1
1970 1
7567 1
7996 1
2112 1
7819 1
5364 1
368 1
6529 1
4866 1
2365 1
7899 1
3245 1
7262 1
6261 1
3592 1
6302 1
5701 1
6806 1
6532 1
2647 1
2242 1
6923 1
2844 1
7621 1
1884 1
7033 1
2629 1
4413 1
5133 1
6723 1
3797 1
6668 1
5679 1
4009 1
1557 1
5757 1
5830 1
606 1
4778 1
7658 1
694 1
1533 1
2362 1
3701 1
4049 1
2956 1
3616 1
565 1
1192 1
7765 1
8130 1
4078 1
5253 1
4541 1
1961 1
7973 1
5303 1
7799 1
5354 1
7982 1
1486 1
8076 1
4237 1
5809 1
4815 1
6235 1
8149 1
7149 1
3255 1
2797 1
7857 1
5664 1
7297 1
3105 1
4359 1
6691 1
6269 1
6083 1
2305 1
2244 1
1819 1
5350 1
5414 1
6078 1
7495 1
4211 1
5255 1
1950 1
6709 1
1029 1
7498 1
6226 1
5033 1
5260 1
5991 1
8028 1
3849 1
4216 1
3082 1
4168 1
6686 1
515 1
8226 1
7952 1
5838 1
4631 1
3971 1
6344 1
8204 1
2484 1
6009 1
7574 1
3237 1
2645 1
7060 1
6111 1
3036 1
6462 1
6772 1
6311 1
7491 1
4946 1
852 1
619 1
6721 1
6101 1
3745 1
7604 1
7642 1
4552 1
6606 1
6041 1
4047 1
4831 1
7668 1
5309 1
5043 1
5663 1
3629 1
4605 1
1532 1
2133 1
2121 1
5767 1
7316 1
5887 1
5514 1
2342 1
4031 1
359 1
8079 1
7397 1
6997 1
6225 1
6421 1
4014 1
7735 1
7994 1
3808 1
3138 1
8288 1
3465 1
4111 1
7490 1
4620 1
8235 1
8286 1
6401 1
6805 1
4264 1
4934 1
2378 1
6590 1
714 1
4311 1
618 1
3301 1
8019 1
1300 1
4188 1
6267 1
7673 1
