1086
877
4564
1350
41
1922
10
5016
7104
1260
2699
988
11
2274
6620
90
2983
1356
580
5808
2476
4149
103
1885
4756
1395
2964
66
4963
68
315
143
5190
3571
7744
3519
5243
2688
3641
457
1210
3995
6795
5173
5691
3449
4045
5181
509
241
5110
5981
3041
4767
6941
2003
1042
201
1135
5531
7352
7492
25
2564
173
649
42
5172
1098
6359
3855
5916
5987
4511
5768
2200
8050
2093
4669
2215
2967
145
986
180
5796
1051
3146
7100
3175
2069
1751
3032
8222
6615
4598
645
4152
6510
5617
312
1623
6525
3728
2298
2497
5187
109
2473
2559
7691
7727
4151
1380
3355
4948
1601
2272
1132
3142
4142
7045
4442
6951
7873
3786
7086
59
5553
2867
166
3642
2988
7790
766
4726
6494
1320
1510
6764
26
4532
970
5196
556
138
1862
4563
1386
122
1748
5478
1215
4164
3754
5934
2472
2130
1003
4070
4673
4829
5
1552
3624
7705
597
6608
6758
7231
1665
1952
4186
8162
4073
1667
6646
215
1721
1060
1690
2379
1891
331
1896
6611
2842
5857
6902
157
1278
5696
46
17
1204
1183
3481
1614
7511
6223
4046
3451
5816
2330
7614
7343
1820
5783
3053
7900
4967
3771
7057
996
7294
1381
5160
269
1470
4136
4398
336
6612
3388
553
3719
854
4582
1796
2156
3845
2557
3666
6627
3366
5166
4881
7768
865
1443
3390
47
3656
3960
6016
3916
4682
5177
6563
3523
3208
5175
1756
2236
879
5722
1644
71
1639
193
5591
634
5193
7055
3159
9
7755
1696
7239
3536
1980
6801
1500
6766
8194
7968
2523
251
1620
7484
6619
376
5185
2299
1466
848
43
4842
5999
4347
430
3462
2233
3490
254
1308
7327
1615
4686
223
275
5915
4364
3350
347
5709
2131
345
2703
5945
494
4665
412
3630
1789
400
8166
5184
4363
3057
6900
20
5862
3031
2976
3814
5512
1594
3333
2427
4550
1570
7733
5472
4688
16
6046
8152
7241
4616
1335
2493
1962
3402
5658
3947
110
2228
12
2249
7043
7865
7421
4782
3601
1290
2549
4383
6486
6398
2009
1148
4415
187
4972
635
2096
4440
3704
2865
244
3683
7845
4077
3345
7132
6518
4486
4192
2860
614
695
7046
6577
8085
5927
900
1838
4428
2118
5813
1257
3275
3055
265
5446
591
3047
6141
176
404
1530
5060
3762
4974
4718
1133
126
1795
7774
1483
3391
7409
4894
546
6835
6068
1469
2509
2094
3890
3653
2690
5612
1694
4036
7597
2452
689
4273
5455
3375
3168
2702
2839
7985
5015
4458
7769
7226
3729
1188
2387
7026
7564
1813
5011
998
1868
2437
172
5217
646
1424
3603
6975
5312
6734
2904
3450
158
1467
7293
2172
2526
5380
6072
5024
4739
961
2948
4221
7121
4222
1129
1064
1169
7080
2444
2744
7954
4660
1242
7009
759
5961
2029
3655
3081
4943
4079
78
5528
5820
3965
1175
6216
3400
4430
1553
1899
1925
6460
7179
4437
4042
5180
3725
1059
3199
164
3233
98
7230
5269
130
2578
5053
521
7109
2159
2872
6314
1591
44
48
2541
841
3225
816
2792
2698
2171
77
3478
1143
4733
615
3457
1340
7808
4353
2752
2598
177
340
1522
4489
6771
5810
21
3072
4438
6959
1184
5360
7106
2691
2401
8071
1800
426
79
3487
1207
2357
4007
3306
6526
136
2672
74
6471
7302
1691
6304
5153
5142
2832
2368
910
7286
620
27
5171
2469
2908
6377
3839
5485
7579
335
3895
249
2677
139
7501
3766
329
4826
6063
4470
3088
106
6702
6676
1589
231
3948
87
2169
469
7598
7752
3109
1050
3526
2367
5549
7236
3401
595
1599
18
1767
1606
3470
3409
5608
4431
2950
3522
3001
6617
4397
2572
7818
8102
5978
1504
588
1742
869
4856
7405
7922
4774
3775
4982
7444
3392
5174
5194
4449
7253
5520
4344
5550
2065
6013
2833
6782
256
7608
3035
6038
4240
2546
4988
2458
4130
2462
7697
4560
3349
6443
6695
2488
6397
3326
57
3190
5029
1328
5427
5013
3528
1010
4840
37
14
2255
6547
950
8097
870
6729
63
1762
24
1932
4074
3304
898
2704
7403
6909
3086
5102
2706
3477
4382
915
8106
2788
5342
1342
6906
6943
4443
899
6360
416
7350
3985
6263
81
788
1423
1142
237
4062
4366
6673
1426
5316
5320
3998
3209
4076
2772
1480
4056
2229
7682
4034
4255
1462
2683
101
1063
3184
4316
2561
128
4228
6859
2740
2439
1293
328
940
3108
7915
33
5099
3468
920
1202
2450
1084
5006
3949
5606
3512
2103
5068
5207
5008
8012
2952
2376
7812
113
5039
6150
7171
3300
911
222
2270
5692
5984
6521
4150
3821
3039
7679
5036
161
3256
1027
2692
1666
1463
5495
5675
307
7902
395
3292
7329
7772
3378
4753
3658
7019
7629
1631
4324
6445
6522
1886
6538
7677
876
1235
3290
6204
1761
6118
3062
1612
1931
708
1695
1367
3339
3540
5644
8107
1719
6217
4434
7593
3777
3561
4725
3665
3386
3984
6753
7271
413
1037
2680
266
6657
3527
5855
4788
3611
1822
5282
205
4922
3785
5526
6135
3262
147
4626
6371
501
3682
3461
7128
3518
5873
831
4904
6502
1879
7864
5284
2975
7000
4409
6394
7546
7775
1540
5761
7920
7158
1346
4524
7999
528
8173
2701
5396
2980
639
1609
7330
2596
4329
2555
342
179
5104
5370
3647
8046
7188
3202
4454
5244
7048
3633
6649
804
7269
4213
2611
3794
3343
2566
7380
5468
3197
1523
4813
3593
1368
5009
2186
6974
2947
1170
4282
4
6536
1078
7335
1316
5090
3731
2780
5908
4214
6312
4137
2621
5347
3886
1113
5821
3966
5594
3982
7792
1554
5119
4913
7901
4143
2282
2033
7189
4039
1722
4426
461
1790
7153
4596
188
4141
3851
1233
3380
2913
585
3383
2099
104
5787
1281
7743
8060
3662
2935
7357
5805
1009
4843
185
7198
2586
7025
6861
7035
5516
5247
7371
5143
944
1993
4242
351
2153
6316
5050
2614
7049
6324
2719
7174
2852
3723
7481
1825
1912
399
5515
263
1975
53
3508
7112
1766
4509
5296
6469
1967
1684
5474
3046
2372
270
4901
4133
1869
6998
4834
5191
1794
6848
4416
4567
4063
8182
5599
5489
3521
5219
4476
5965
4771
544
6614
5139
2370
6346
5788
5059
4433
6220
2283
8047
1937
984
6113
8086
4267
364
4148
3006
1461
8251
3098
4336
2965
3589
3127
4092
7184
728
3252
1065
3227
5771
5019
4633
519
7766
3147
4159
8036
1336
6912
2067
5201
640
4123
326
2778
6152
6192
125
5769
6644
8260
5313
4455
672
5935
3249
6007
3659
203
499
2898
2883
5949
4611
6477
8137
2558
7493
5966
5152
7099
6248
260
6020
4120
7243
6711
1635
4859
6846
4459
7885
5704
5565
5054
529
7904
5797
4206
7390
5589
1741
1670
7578
7183
7276
4001
2031
6439
5418
1753
2230
7270
2891
4147
2481
1301
4487
4852
7038
1126
3011
842
1004
7447
1147
1986
7113
3663
40
1711
4008
4377
5763
7387
1447
3070
5062
6645
2105
7441
6479
3317
3037
3095
4126
6146
3087
3488
3689
2615
6488
3651
4885
7135
58
3373
699
3272
3482
3196
7685
6144
3622
5422
6383
7110
4224
4760
5532
1102
2226
7586
2448
7344
6658
1237
4474
5572
3469
2876
1928
7212
1041
5707
3110
1066
1976
467
5505
4789
8167
1255
4082
6548
2737
1244
8069
4838
5248
5552
933
2406
5656
4460
888
4187
5429
1947
3448
5750
4864
891
1951
4697
1872
5940
2931
5382
582
6889
8232
5398
1276
4973
5371
7903
2659
5150
6286
6177
4750
3902
45
4905
199
7134
3120
6061
5548
6545
1605
8062
872
727
1306
4818
2113
542
3189
4504
4752
583
8087
3004
5366
5741
1329
5823
111
1365
5952
3850
5853
7056
5616
6467
2886
4333
1875
3118
2648
6348
5896
808
2840
5250
641
1045
2292
67
7278
305
62
383
2010
1172
6519
1509
2609
6954
4741
7563
6003
502
6990
1099
2855
366
5376
4312
4926
712
8177
344
1720
6064
7070
4131
2543
99
6287
6883
7090
1150
2512
796
2881
1807
6867
238
2519
2407
832
2545
3244
7964
4757
1271
6126
1008
7906
1495
7615
2936
6456
2817
3090
3172
8190
5405
22
1194
5610
4761
7150
6779
860
5010
5868
3525
3181
2393
3556
1737
3714
5627
2502
4121
142
7332
3636
4976
2363
454
7659
2197
352
4232
7122
4910
5428
5841
2293
456
2905
3203
7193
926
4145
1803
5084
6726
3231
4663
3675
3802
3316
3917
1427
6864
6478
3436
3187
6295
3876
7884
1344
6280
6157
6916
4439
5203
3872
3198
3591
197
3920
2449
7856
2052
1674
6387
6212
5391
4612
3983
2520
51
7095
4464
1561
2150
3445
7347
5583
7703
6895
6616
4295
1675
1090
6834
4140
408
3406
2213
7754
6024
6605
2146
3961
7084
3977
1046
1318
800
3271
4252
4139
2115
1195
3210
814
4576
2791
3124
3314
3315
5221
2548
4671
3229
1139
1528
5600
2682
1516
6145
4429
3932
2108
3389
3688
6339
1830
6541
2569
2884
7569
7027
3268
6057
3543
6093
2759
5988
3639
6999
6108
8264
7829
4250
6325
1582
2889
3678
83
2041
7172
1451
2306
3137
1362
2802
6804
7502
7218
3582
3242
1505
1785
5111
4144
3385
2695
8272
7605
2414
8266
916
6991
4304
7418
548
7929
3836
5281
5982
1373
1401
5218
7580
7079
7831
398
2125
4342
7875
292
7933
690
52
1934
3751
1765
3397
5048
2939
5993
3834
2360
8000
8053
5525
6242
3240
5815
3863
4664
2518
2049
4248
202
6635
3788
6885
4800
6431
1408
4275
3182
2498
2864
1832
3991
6865
3569
3012
2061
3438
5836
4395
1536
2987
495
4681
7625
6876
1171
4746
3418
5604
6905
7894
2941
5324
2389
7959
1198
3862
6447
5122
1280
121
5909
7166
6651
5317
782
1643
5581
8056
6483
2063
7806
7407
5751
1079
7907
2491
7535
5913
5834
3686
2217
293
973
886
1870
5615
6698
3679
6870
1526
1246
7266
2766
6878
2989
2269
1887
2610
1682
2613
7402
2459
4105
5659
949
2192
7117
1535
7738
6017
4952
4352
4321
781
2243
6781
6643
1449
8005
13
1713
2503
830
1337
2176
3798
4950
3269
6598
6575
4970
2413
5921
530
1410
7877
7869
3819
4285
6718
969
1560
5877
92
4320
4647
4957
4436
1873
4260
7661
479
3827
2715
2254
1704
3204
3954
3241
2577
5261
7348
2933
5158
7753
6416
5462
1440
7284
962
1405
6630
3743
5186
3637
7062
4251
7124
1454
3183
4379
434
2875
3539
6935
642
6380
6727
7745
2057
4893
4630
1397
3815
6031
4924
6470
5534
239
5765
5198
6134
4128
320
5031
2050
2995
240
909
2568
7471
2551
4765
4166
5038
1013
6423
3604
3185
2037
3594
4694
303
5275
3017
7747
2351
5095
1502
2447
738
5264
1821
4707
7777
914
880
7800
4855
6828
2556
555
242
2227
3560
4849
6213
5401
5238
3325
912
1881
7197
5938
424
6787
4343
6484
374
5540
3353
2694
1778
233
3891
5890
5501
6446
688
2574
3544
3524
6829
3107
3542
3597
2054
3344
1499
6877
1311
2222
3134
1096
5315
4989
6842
5562
6884
8140
7993
4705
4091
6274
3379
8057
4743
8041
7177
851
7145
445
3929
4667
3188
449
1958
5242
3610
2663
6271
5551
5967
3545
5876
3038
3877
2012
6236
7503
2998
3514
6961
5097
7305
3298
7452
1349
7950
1182
2064
2198
4322
3131
181
612
1033
6671
3074
2373
1630
1187
6666
4937
162
7514
5080
5372
4451
2336
4229
3176
2088
5854
5579
4292
8092
8061
7053
4326
4375
6185
4854
460
8070
3667
4502
8211
3981
4185
1455
3239
2418
423
3764
6841
2278
5381
3930
3705
7916
1948
2359
5708
5914
5419
493
4163
5755
2757
3163
7509
4586
1806
2907
6692
235
3600
7031
7861
8049
801
8231
7138
8271
208
3780
5576
2482
6048
1145
4738
191
523
5332
5972
4119
2309
1292
295
1138
472
4089
1668
4592
5333
6317
7789
2718
954
3093
5702
8105
4492
7980
4396
6183
2783
6313
7644
818
5089
4915
4314
1981
2562
3119
5118
7129
5438
7082
6524
5920
1611
2906
3900
60
3625
7024
6800
490
7919
2352
3692
5125
1693
4785
7228
6026
734
1436
2005
1299
5803
2316
3799
2567
3801
2978
5078
4025
2214
6513
7061
2985
7374
4805
2866
5163
357
5678
845
7425
3765
4751
7780
1945
5542
7931
5339
6082
5774
2813
4305
3278
365
5063
5930
7155
4371
5859
4066
1452
5151
3992
6490
6184
1632
1228
1996
2480
489
3094
772
5488
3359
7281
7044
4862
7227
5731
653
5071
3918
4916
7830
1933
2155
3584
7967
6810
6679
2090
2505
3076
462
1028
1358
3466
5460
3555
7610
73
4566
6075
4016
8253
1331
5660
2994
6533
4599
2020
4317
5958
5717
6071
1515
4659
65
1359
3496
5983
3154
7098
7020
561
7187
4535
1433
2894
2068
701
5035
6949
7
5995
7854
1989
6500
1960
6886
6453
3583
156
1930
5747
4447
4960
8084
1339
327
8193
6735
1829
6672
4651
6625
5070
4710
7758
3718
1457
8156
1338
296
3767
5521
2184
2826
1831
3742
5668
1892
7945
4947
4241
7354
2661
5711
3342
95
3374
867
1739
1685
2141
3774
2402
8195
7686
3513
7127
2087
6092
6050
5386
1647
4381
414
6626
5456
6926
7650
3377
7139
4475
5343
7379
693
6133
3864
7715
5939
323
3596
758
1258
8091
1686
745
2767
4841
1676
6232
5510
6326
8270
815
1558
917
3162
2515
4807
4623
4933
3358
6492
5294
7456
2903
1216
5884
511
7453
4075
3979
4177
367
7914
4318
5729
4533
792
799
3472
4023
5322
5117
2717
3605
2899
4853
2445
1995
2086
6165
4020
6633
5276
8063
5946
807
7616
3687
4837
2929
268
4558
3598
3553
7767
5646
1048
8183
7180
4932
2361
6039
4096
540
3405
2606
2335
7665
1409
3881
5689
4202
2664
1797
6717
3384
6366
4203
4135
3618
5523
7938
6461
3504
397
1736
2582
4059
1738
3685
7142
3340
8045
3673
7013
498
1890
5720
2451
5666
5518
3171
5069
1179
1755
541
3648
3247
552
3924
6485
3823
3963
3532
7594
7684
4000
7178
6454
5517
3311
2608
1574
6719
6051
5657
7376
31
5051
562
6197
1093
7401
3151
2434
698
534
7759
2059
4872
194
5667
1883
6674
8010
7756
1333
6516
6331
7002
6910
3840
4695
5448
731
3077
1911
4093
3613
1226
4833
1016
1205
6110
3709
4354
1052
7782
4870
6049
6187
8133
7937
8179
5989
120
1314
1383
1698
1902
3475
7648
557
6578
5578
7953
5280
1503
4146
5519
2733
2232
2954
5937
5410
4061
2487
5864
5399
3824
7173
3367
441
2861
4456
572
5544
4698
5390
2188
7949
5537
7476
7321
2011
7623
5300
3952
1626
3261
3422
1456
8241
5416
5334
921
8189
4766
4891
4714
4965
2343
2268
6190
6264
6393
5352
4190
4793
6175
3060
2793
4259
7229
1422
7222
410
773
2888
4291
1312
5571
5395
3563
6139
6015
883
4737
1709
3715
7741
7595
3296
6178
4200
3499
5361
4106
221
3305
578
2224
7455
8065
843
6053
3158
5662
6468
5251
2017
6550
4755
4540
4026
5712
3530
7634
2027
539
7413
5114
2196
527
1095
5136
5126
3923
1343
3302
1083
4903
5477
1897
4223
8072
2280
2026
4554
1856
7485
4919
3396
6114
5590
6415
1656
2738
1743
3232
2239
3749
7531
1809
7841
6239
8081
4906
3467
1921
1634
4889
1130
7363
2199
2749
1155
411
6069
7972
4306
4491
7887
7851
4097
593
7736
5357
7007
7696
4095
6561
2082
1889
4845
6193
1874
5785
2267
7842
4825
4742
3228
4723
2084
8103
3638
381
3690
1213
3051
5473
2110
343
7424
3040
7837
2671
8095
4727
133
1275
7255
6971
3535
1252
2083
7981
4357
7942
437
4635
812
2353
964
387
6535
7210
520
2191
3702
6899
563
7029
4477
3654
7716
2127
1782
5093
5040
2035
8074
4935
850
5480
976
6794
6392
2478
3999
3511
6179
6713
8243
5085
4851
2583
2442
444
4882
107
5290
3595
2676
7176
2390
1539
6045
4595
7676
6247
2170
1325
3761
7041
679
6607
2949
2603
6214
4319
2042
7355
2723
6647
2136
7660
5356
4116
4178
3935
4920
5746
2944
8011
4867
6960
2761
6602
774
6843
5000
5874
1430
5385
5490
2858
2789
4496
5486
7446
2796
6298
4461
5164
2626
7779
6487
4575
811
7298
7415
3928
2847
165
2013
2969
1978
6504
2047
6132
2725
5923
7617
4925
2346
2218
6169
5067
2314
6120
3066
7014
2391
6583
666
1810
6182
4627
418
2038
724
6845
5213
209
692
4911
2163
1671
594
6537
7975
2457
6202
3013
8265
4816
4675
2070
2960
2631
6819
7468
6062
3905
7878
1645
409
3149
353
6655
732
7064
1924
6815
8157
8180
7704
8254
7300
736
1106
2419
987
821
8013
8199
1081
6201
6281
8171
7472
4307
1725
2399
6654
5661
4936
7721
7018
1474
5846
8236
5713
5077
2287
6180
7645
1227
4565
6984
5052
124
7761
3953
7570
6119
7889
7458
7154
7545
2892
4931
7706
2848
3707
4208
7664
5764
7419
384
2953
3945
6818
2776
2023
4649
129
5647
7030
6444
2308
7181
2921
5603
4577
1923
1914
2296
2382
4057
1943
2668
576
1071
1735
5504
3619
7317
245
4749
5960
6378
3061
1759
5195
4909
1876
4467
3165
4005
3416
7165
4490
1345
5086
4908
6367
2194
1827
5202
2552
6896
4340
1094
2636
7285
4446
775
2455
3925
1256
5314
1481
4538
8093
4249
7416
7930
3640
6579
7011
4850
1871
1804
3025
8104
6028
2334
770
1988
3156
7071
1784
4194
957
6457
6687
8064
3226
654
2438
3399
6176
5267
6081
1089
2331
2524
6451
6356
1828
5373
4104
5567
5561
2405
1683
5397
6986
2412
6580
4801
5770
2528
5081
1354
2863
1115
2304
6546
5752
1197
3123
7866
4672
931
3075
4405
190
6497
4581
3495
2513
7585
7905
7211
6208
6381
4644
1575
7235
318
2295
1459
1040
458
5535
1304
6035
574
5192
3167
4817
3585
4975
6527
6186
6609
7461
1082
5344
5413
2630
5536
6480
5154
6847
7601
2019
2477
2584
5283
1068
6396
76
7003
6077
4327
1351
1406
6391
4794
4569
8196
5047
6517
5249
3425
2633
7494
5197
7383
1072
6514
2104
4284
247
4542
1429
2879
8146
5277
8181
4465
5161
5794
4053
4180
3578
6294
5291
4006
6656
4457
3299
6572
2563
2286
1677
4832
3711
7751
1579
6601
4370
7717
2443
7518
6121
3096
5861
6652
6073
3550
7948
3471
1355
3706
4427
1388
8262
7826
1642
2716
4380
7125
2126
6219
5992
5286
3395
2919
1324
3712
8153
1341
5440
1660
6466
5522
3779
7268
4064
5091
453
7287
862
3757
847
4898
7192
7206
1519
5400
6863
1625
598
751
3331
550
4122
1225
3955
1472
4050
570
2179
2189
7365
3129
6582
787
3684
7853
2849
5607
7822
3246
3279
5003
6191
4165
2782
5138
1219
276
3356
5878
2986
7252
4883
8135
6675
8027
547
2403
3848
7892
6128
3735
4971
6379
8054
1906
4819
3357
6014
6866
5017
7527
5889
4912
2216
3071
4205
6350
1245
4736
1448
1134
5358
1681
3044
7483
3063
2862
4358
388
638
7928
3323
2081
6812
3869
3250
7911
1929
4167
1021
2044
7719
1460
4711
2961
8048
2190
536
1376
767
2624
6493
3016
8100
7891
1398
2850
8213
4900
7781
5336
5116
225
7469
2962
5299
7487
7342
919
7028
5625
5306
2924
5241
3870
5225
4951
5141
2030
4708
3153
6862
100
1946
3322
4308
3288
7844
3620
3259
3907
7114
8242
7036
6732
1636
6395
713
1105
1775
7932
569
6813
2882
473
2167
3978
7843
7022
4125
2887
3398
2302
1834
7637
7770
7773
1724
4699
4844
8227
6018
5866
6544
2454
2288
64
7004
3901
2857
7956
3111
6573
735
4393
7459
6200
1450
1559
5730
558
3437
7454
4985
8203
3927
7470
3833
2649
1238
4806
2496
625
5558
5856
1101
3753
4543
7096
7016
2930
1913
2161
4407
3128
2616
2460
652
7299
8120
6854
4622
5899
7175
3270
7283
1905
7480
3043
1334
7888
7760
8216
3677
3558
4918
234
3674
4204
4615
7336
5789
4015
5840
91
4848
1826
5695
1882
5377
4927
6534
1894
6837
3101
7537
1895
1209
2741
3216
4790
5475
2957
6291
6273
4019
5781
5648
5098
3781
4445
6747
3896
2784
4652
1174
6936
2149
5447
2301
1173
4553
1581
3248
7223
1212
602
5491
7524
3747
4369
5748
4274
4169
8197
990
1229
8080
2581
7457
4618
4197
5088
1264
1087
6091
8187
1070
6142
1517
6515
1916
5046
2148
169
4978
7392
4655
7008
6915
7006
3844
5674
1379
5924
7802
3510
7205
2638
4035
3652
6802
6768
573
3354
5374
2374
2143
2644
2201
3267
3115
6459
4835
7349
6773
8170
2111
6710
4704
6678
2138
316
3551
3968
7219
7762
7103
2573
4703
5718
7771
568
7893
284
6222
6030
2529
5907
5476
7523
5214
1421
7750
283
5278
6252
2077
1399
3003
7565
218
7111
4154
4394
6701
7978
5124
4914
3763
7883
3564
7126
992
4090
2675
7382
4700
8094
2471
3837
7017
8214
6067
6410
7085
5566
3602
6962
1272
1458
7998
1262
1392
729
2034
892
7217
8273
2000
7482
7528
1085
3211
6911
2349
2321
1616
5109
2748
3805
4921
3936
4597
3909
4360
8110
1650
1001
2711
6844
2739
8261
2056
768
5919
7955
783
6408
6240
2441
6489
7337
1941
3054
7232
5183
3531
3997
3883
1011
4184
4038
6653
7737
2212
2446
6428
1494
7260
6070
720
5710
7404
3931
7417
3657
6650
2204
1012
7394
8205
7554
3759
2142
5941
4847
599
4773
3280
4594
6908
3943
2089
337
2845
4444
1926
2250
6333
6168
6332
4787
4523
4378
5367
2728
1764
6927
6127
6112
5508
8021
1146
7015
6995
6019
6375
662
1438
4810
1578
6155
3132
6245
446
6207
3889
2773
6430
6406
1025
4334
1434
4080
6638
5032
905
6744
6100
7265
1176
2758
1607
4027
2183
4406
4674
8161
2514
4425
1917
6811
2173
8202
3730
6697
401
5985
2807
2527
7525
1900
1431
2895
3282
2453
5483
5365
7886
5337
2238
443
3085
2786
1617
2467
3621
8035
5733
7925
6160
264
8248
2147
2291
752
3703
382
5609
1302
7220
6922
3746
522
8109
2021
2673
5387
4132
4069
571
1568
7282
2803
4640
6807
1968
2203
3782
5944
1708
6066
1058
7451
7267
7462
6574
3152
1223
513
5507
6355
8077
4601
4868
3052
4693
3332
8215
1659
7251
2417
5703
726
1812
753
7663
6822
3160
2221
3083
3019
1214
543
7868
7678
3078
7821
7164
3312
7130
1231
267
8052
5833
7834
2300
3760
2916
253
8001
4198
497
6188
6730
5087
6880
3277
3230
6520
7783
6254
4362
4603
4325
6042
6592
5159
2729
3758
5220
211
4067
8172
5436
4591
7234
3112
4010
6728
4368
5766
333
4670
476
4473
6440
2058
6648
5986
7609
1120
1391
5265
4337
605
3113
3166
1703
3727
7944
2219
516
1699
1867
6022
6116
5461
6507
4617
8221
8118
6253
1909
7867
7037
309
1002
6731
492
7974
7698
436
1294
4803
6056
3091
3492
1590
4462
2008
4174
2036
786
1189
1400
7939
7850
6996
5997
776
6052
5494
6797
386
1944
5645
3944
4469
5328
3894
1224
8255
6929
6060
889
2982
3959
6622
1309
7203
5431
3858
3829
6288
8238
5580
716
3744
1760
7133
7089
3986
8256
7863
5786
718
2388
4836
5852
1745
4545
5611
6921
2637
1584
6963
4763
2521
5883
2404
6058
3906
890
651
577
5885
504
1907
4526
3042
4238
780
4720
1387
1303
6604
6228
4508
1232
983
1274
2180
7976
6495
2319
7420
3606
2337
6746
855
6455
2028
6775
5749
7505
7960
93
7728
4624
6147
7742
1551
3632
7360
6603
2522
2970
5633
6450
1445
4153
7486
824
1047
5018
102
7170
1866
2635
1712
4619
2015
7240
4799
8155
4979
3303
4245
5353
5001
2032
1845
6508
6793
2890
6749
3817
4692
661
6452
4702
1005
2893
7832
4804
6033
2344
2380
5959
6767
6677
4969
2938
1763
5595
1655
7326
6852
2132
7353
5105
7626
6958
189
2018
2628
3904
3341
8055
2051
3676
1366
2259
1317
7445
7199
4638
2025
4668
5990
4871
6584
3750
7940
6585
3186
6153
4414
6265
3783
6374
4107
2779
8040
217
819
6581
4696
4313
7966
6836
6143
6349
6181
6074
8233
1715
703
4328
4740
1208
3174
7513
6293
7159
1273
1206
2769
4839
5232
5888
5903
7157
3865
7814
8136
2235
7801
3577
2722
2492
3566
6821
7536
6215
7522
4450
2846
7245
6798
375
3581
1254
2187
2835
785
1158
5623
4257
8088
6506
1541
2730
7670
4296
455
1404
8252
1088
7923
6972
6705
1295
8009
632
4823
2684
2461
4503
1332
1588
7010
7426
4917
4129
2808
8119
7849
3022
3133
6752
1994
6411
6509
212
4821
3565
8096
2827
2945
4716
438
6292
4762
3273
7156
6917
5686
8099
4701
3382
6266
1710
1846
5690
8098
1959
1651
5598
5224
1844
393
7941
4176
3257
1602
4607
6551
5875
4869
2992
7001
6034
3552
8023
2024
4283
8101
